   R/R_sun      m/M_sun       T         Li    Be 
 9.75258e-04 1.00192e-07 1.56612e+07 -11 -11  
 9.90345e-04 1.04914e-07 1.56612e+07 -11 -11  
 1.00566e-03 1.09858e-07 1.56612e+07 -11 -11  
 1.02122e-03 1.15036e-07 1.56612e+07 -11 -11  
 1.03702e-03 1.20457e-07 1.56612e+07 -11 -11  
 1.05306e-03 1.26134e-07 1.56611e+07 -11 -11  
 1.06935e-03 1.32079e-07 1.56611e+07 -11 -11  
 1.08589e-03 1.38304e-07 1.56611e+07 -11 -11  
 1.10269e-03 1.44822e-07 1.56611e+07 -11 -11  
 1.11975e-03 1.51647e-07 1.56611e+07 -11 -11  
 1.13707e-03 1.58794e-07 1.56611e+07 -11 -11  
 1.15466e-03 1.66278e-07 1.56611e+07 -11 -11  
 1.17252e-03 1.74114e-07 1.56610e+07 -11 -11  
 1.19066e-03 1.82320e-07 1.56610e+07 -11 -11  
 1.20908e-03 1.90912e-07 1.56610e+07 -11 -11  
 1.22778e-03 1.99910e-07 1.56610e+07 -11 -11  
 1.24678e-03 2.09331e-07 1.56610e+07 -11 -11  
 1.26606e-03 2.19196e-07 1.56610e+07 -11 -11  
 1.28565e-03 2.29527e-07 1.56610e+07 -11 -11  
 1.30554e-03 2.40344e-07 1.56609e+07 -11 -11  
 1.32573e-03 2.51671e-07 1.56609e+07 -11 -11  
 1.34624e-03 2.63532e-07 1.56609e+07 -11 -11  
 1.36707e-03 2.75952e-07 1.56609e+07 -11 -11  
 1.38821e-03 2.88957e-07 1.56609e+07 -11 -11  
 1.40969e-03 3.02575e-07 1.56608e+07 -11 -11  
 1.43150e-03 3.16835e-07 1.56608e+07 -11 -11  
 1.45364e-03 3.31767e-07 1.56608e+07 -11 -11  
 1.47613e-03 3.47403e-07 1.56608e+07 -11 -11  
 1.49897e-03 3.63776e-07 1.56607e+07 -11 -11  
 1.52216e-03 3.80920e-07 1.56607e+07 -11 -11  
 1.54570e-03 3.98872e-07 1.56607e+07 -11 -11  
 1.56962e-03 4.17670e-07 1.56607e+07 -11 -11  
 1.59390e-03 4.37354e-07 1.56606e+07 -11 -11  
 1.61856e-03 4.57966e-07 1.56606e+07 -11 -11  
 1.64360e-03 4.79550e-07 1.56606e+07 -11 -11  
 1.66902e-03 5.02150e-07 1.56606e+07 -11 -11  
 1.69484e-03 5.25816e-07 1.56605e+07 -11 -11  
 1.72106e-03 5.50597e-07 1.56605e+07 -11 -11  
 1.74769e-03 5.76545e-07 1.56605e+07 -11 -11  
 1.77473e-03 6.03717e-07 1.56604e+07 -11 -11  
 1.80218e-03 6.32169e-07 1.56604e+07 -11 -11  
 1.83006e-03 6.61963e-07 1.56604e+07 -11 -11  
 1.85837e-03 6.93160e-07 1.56603e+07 -11 -11  
 1.88712e-03 7.25828e-07 1.56603e+07 -11 -11  
 1.91632e-03 7.60035e-07 1.56603e+07 -11 -11  
 1.94597e-03 7.95854e-07 1.56602e+07 -11 -11  
 1.97607e-03 8.33362e-07 1.56602e+07 -11 -11  
 2.00664e-03 8.72637e-07 1.56601e+07 -11 -11  
 2.03769e-03 9.13763e-07 1.56601e+07 -11 -11  
 2.06921e-03 9.56827e-07 1.56600e+07 -11 -11  
 2.10122e-03 1.00192e-06 1.56600e+07 -11 -11  
 2.13373e-03 1.04914e-06 1.56600e+07 -11 -11  
 2.16674e-03 1.09858e-06 1.56599e+07 -11 -11  
 2.20027e-03 1.15036e-06 1.56599e+07 -11 -11  
 2.23431e-03 1.20457e-06 1.56598e+07 -11 -11  
 2.26888e-03 1.26134e-06 1.56597e+07 -11 -11  
 2.30398e-03 1.32079e-06 1.56597e+07 -11 -11  
 2.33963e-03 1.38304e-06 1.56596e+07 -11 -11  
 2.37582e-03 1.44822e-06 1.56596e+07 -11 -11  
 2.41258e-03 1.51647e-06 1.56595e+07 -11 -11  
 2.44991e-03 1.58794e-06 1.56595e+07 -11 -11  
 2.48781e-03 1.66278e-06 1.56594e+07 -11 -11  
 2.52630e-03 1.74114e-06 1.56593e+07 -11 -11  
 2.56539e-03 1.82320e-06 1.56593e+07 -11 -11  
 2.60508e-03 1.90912e-06 1.56592e+07 -11 -11  
 2.64539e-03 1.99910e-06 1.56591e+07 -11 -11  
 2.68632e-03 2.09331e-06 1.56590e+07 -11 -11  
 2.72789e-03 2.19196e-06 1.56590e+07 -11 -11  
 2.77009e-03 2.29527e-06 1.56589e+07 -11 -11  
 2.81295e-03 2.40344e-06 1.56588e+07 -11 -11  
 2.85648e-03 2.51671e-06 1.56587e+07 -11 -11  
 2.90068e-03 2.63532e-06 1.56586e+07 -11 -11  
 2.94556e-03 2.75952e-06 1.56585e+07 -11 -11  
 2.99114e-03 2.88957e-06 1.56584e+07 -11 -11  
 3.03742e-03 3.02575e-06 1.56583e+07 -11 -11  
 3.08442e-03 3.16835e-06 1.56582e+07 -11 -11  
 3.13214e-03 3.31767e-06 1.56581e+07 -11 -11  
 3.18061e-03 3.47403e-06 1.56580e+07 -11 -11  
 3.22983e-03 3.63776e-06 1.56579e+07 -11 -11  
 3.27981e-03 3.80920e-06 1.56578e+07 -11 -11  
 3.33056e-03 3.98872e-06 1.56577e+07 -11 -11  
 3.38210e-03 4.17670e-06 1.56576e+07 -11 -11  
 3.43443e-03 4.37354e-06 1.56575e+07 -11 -11  
 3.48758e-03 4.57966e-06 1.56573e+07 -11 -11  
 3.54155e-03 4.79550e-06 1.56572e+07 -11 -11  
 3.59636e-03 5.02150e-06 1.56571e+07 -11 -11  
 3.65201e-03 5.25816e-06 1.56569e+07 -11 -11  
 3.70853e-03 5.50597e-06 1.56568e+07 -11 -11  
 3.76592e-03 5.76545e-06 1.56566e+07 -11 -11  
 3.82420e-03 6.03717e-06 1.56565e+07 -11 -11  
 3.88339e-03 6.32169e-06 1.56563e+07 -11 -11  
 3.94349e-03 6.61963e-06 1.56562e+07 -11 -11  
 4.00452e-03 6.93160e-06 1.56560e+07 -11 -11  
 4.06650e-03 7.25828e-06 1.56558e+07 -11 -11  
 4.12943e-03 7.60035e-06 1.56556e+07 -11 -11  
 4.19335e-03 7.95854e-06 1.56555e+07 -11 -11  
 4.25825e-03 8.33362e-06 1.56553e+07 -11 -11  
 4.32416e-03 8.72637e-06 1.56551e+07 -11 -11  
 4.39109e-03 9.13763e-06 1.56549e+07 -11 -11  
 4.45906e-03 9.56827e-06 1.56547e+07 -11 -11  
 4.52808e-03 1.00192e-05 1.56545e+07 -11 -11  
 4.59817e-03 1.04914e-05 1.56542e+07 -11 -11  
 4.66934e-03 1.09858e-05 1.56540e+07 -11 -11  
 4.74162e-03 1.15036e-05 1.56538e+07 -11 -11  
 4.81502e-03 1.20457e-05 1.56535e+07 -11 -11  
 4.88956e-03 1.26134e-05 1.56533e+07 -11 -11  
 4.96526e-03 1.32079e-05 1.56530e+07 -11 -11  
 5.04212e-03 1.38304e-05 1.56528e+07 -11 -11  
 5.12018e-03 1.44822e-05 1.56525e+07 -11 -11  
 5.19945e-03 1.51647e-05 1.56522e+07 -11 -11  
 5.27995e-03 1.58794e-05 1.56519e+07 -11 -11  
 5.36170e-03 1.66278e-05 1.56516e+07 -11 -11  
 5.44472e-03 1.74114e-05 1.56513e+07 -11 -11  
 5.52902e-03 1.82320e-05 1.56510e+07 -11 -11  
 5.61463e-03 1.90912e-05 1.56507e+07 -11 -11  
 5.70157e-03 1.99910e-05 1.56503e+07 -11 -11  
 5.78986e-03 2.09331e-05 1.56500e+07 -11 -11  
 5.87952e-03 2.19196e-05 1.56496e+07 -11 -11  
 5.97057e-03 2.29527e-05 1.56492e+07 -11 -11  
 6.06303e-03 2.40344e-05 1.56489e+07 -11 -11  
 6.15693e-03 2.51671e-05 1.56485e+07 -11 -11  
 6.25228e-03 2.63532e-05 1.56481e+07 -11 -11  
 6.34912e-03 2.75952e-05 1.56476e+07 -11 -11  
 6.44746e-03 2.88957e-05 1.56472e+07 -11 -11  
 6.54733e-03 3.02575e-05 1.56468e+07 -11 -11  
 6.64874e-03 3.16835e-05 1.56463e+07 -11 -11  
 6.75174e-03 3.31767e-05 1.56458e+07 -11 -11  
 6.85633e-03 3.47403e-05 1.56453e+07 -11 -11  
 6.96255e-03 3.63776e-05 1.56448e+07 -11 -11  
 7.07042e-03 3.80920e-05 1.56443e+07 -11 -11  
 7.17996e-03 3.98872e-05 1.56438e+07 -11 -11  
 7.29121e-03 4.17670e-05 1.56432e+07 -11 -11  
 7.40419e-03 4.37354e-05 1.56426e+07 -11 -11  
 7.51892e-03 4.57966e-05 1.56421e+07 -11 -11  
 7.63544e-03 4.79550e-05 1.56415e+07 -11 -11  
 7.75377e-03 5.02150e-05 1.56408e+07 -11 -11  
 7.87394e-03 5.25816e-05 1.56402e+07 -11 -11  
 7.99599e-03 5.50597e-05 1.56395e+07 -11 -11  
 8.11993e-03 5.76545e-05 1.56388e+07 -11 -11  
 8.24579e-03 6.03717e-05 1.56381e+07 -11 -11  
 8.37362e-03 6.32169e-05 1.56374e+07 -11 -11  
 8.50344e-03 6.61963e-05 1.56366e+07 -11 -11  
 8.63528e-03 6.93160e-05 1.56359e+07 -11 -11  
 8.76918e-03 7.25828e-05 1.56351e+07 -11 -11  
 8.90516e-03 7.60035e-05 1.56342e+07 -11 -11  
 9.04326e-03 7.95854e-05 1.56334e+07 -11 -11  
 9.18351e-03 8.33362e-05 1.56325e+07 -11 -11  
 9.32595e-03 8.72637e-05 1.56316e+07 -11 -11  
 9.47061e-03 9.13763e-05 1.56307e+07 -11 -11  
 9.61752e-03 9.56827e-05 1.56297e+07 -11 -11  
 9.76673e-03 1.00192e-04 1.56287e+07 -11 -11  
 9.91827e-03 1.04914e-04 1.56277e+07 -11 -11  
 1.00722e-02 1.09858e-04 1.56267e+07 -11 -11  
 1.02285e-02 1.15036e-04 1.56256e+07 -11 -11  
 1.03872e-02 1.20457e-04 1.56244e+07 -11 -11  
 1.05484e-02 1.26134e-04 1.56233e+07 -11 -11  
 1.07122e-02 1.32079e-04 1.56221e+07 -11 -11  
 1.08785e-02 1.38304e-04 1.56209e+07 -11 -11  
 1.10474e-02 1.44822e-04 1.56196e+07 -11 -11  
 1.12190e-02 1.51647e-04 1.56183e+07 -11 -11  
 1.13932e-02 1.58794e-04 1.56170e+07 -11 -11  
 1.15702e-02 1.66278e-04 1.56156e+07 -11 -11  
 1.17499e-02 1.74114e-04 1.56141e+07 -11 -11  
 1.19325e-02 1.82320e-04 1.56127e+07 -11 -11  
 1.21179e-02 1.90912e-04 1.56111e+07 -11 -11  
 1.23062e-02 1.99910e-04 1.56096e+07 -11 -11  
 1.24975e-02 2.09331e-04 1.56079e+07 -11 -11  
 1.26917e-02 2.19196e-04 1.56063e+07 -11 -11  
 1.28891e-02 2.29527e-04 1.56046e+07 -11 -11  
 1.30895e-02 2.40344e-04 1.56028e+07 -11 -11  
 1.32931e-02 2.51671e-04 1.56010e+07 -11 -11  
 1.34998e-02 2.63532e-04 1.55991e+07 -11 -11  
 1.37099e-02 2.75952e-04 1.55971e+07 -11 -11  
 1.39232e-02 2.88957e-04 1.55951e+07 -11 -11  
 1.41399e-02 3.02575e-04 1.55931e+07 -11 -11  
 1.43600e-02 3.16835e-04 1.55909e+07 -11 -11  
 1.45836e-02 3.31767e-04 1.55887e+07 -11 -11  
 1.48106e-02 3.47403e-04 1.55865e+07 -11 -11  
 1.50413e-02 3.63776e-04 1.55841e+07 -11 -11  
 1.52757e-02 3.80920e-04 1.55817e+07 -11 -11  
 1.55137e-02 3.98872e-04 1.55792e+07 -11 -11  
 1.57555e-02 4.17670e-04 1.55767e+07 -11 -11  
 1.60011e-02 4.37354e-04 1.55740e+07 -11 -11  
 1.62506e-02 4.57966e-04 1.55713e+07 -11 -11  
 1.65041e-02 4.79550e-04 1.55685e+07 -11 -11  
 1.67616e-02 5.02150e-04 1.55656e+07 -11 -11  
 1.70231e-02 5.25816e-04 1.55626e+07 -11 -11  
 1.72889e-02 5.50597e-04 1.55595e+07 -11 -11  
 1.75588e-02 5.76545e-04 1.55564e+07 -11 -11  
 1.78330e-02 6.03717e-04 1.55531e+07 -11 -11  
 1.81116e-02 6.32169e-04 1.55497e+07 -11 -11  
 1.83947e-02 6.61963e-04 1.55462e+07 -11 -11  
 1.86822e-02 6.93160e-04 1.55426e+07 -11 -11  
 1.89744e-02 7.25828e-04 1.55390e+07 -11 -11  
 1.92712e-02 7.60035e-04 1.55351e+07 -11 -11  
 1.95727e-02 7.95854e-04 1.55312e+07 -11 -11  
 1.98791e-02 8.33362e-04 1.55272e+07 -11 -11  
 2.01904e-02 8.72637e-04 1.55230e+07 -11 -11  
 2.05067e-02 9.13763e-04 1.55187e+07 -11 -11  
 2.08281e-02 9.56827e-04 1.55142e+07 -11 -11  
 2.11546e-02 1.00192e-03 1.55097e+07 -11 -11  
 2.14864e-02 1.04914e-03 1.55049e+07 -11 -11  
 2.18236e-02 1.09858e-03 1.55001e+07 -11 -11  
 2.21662e-02 1.15036e-03 1.54951e+07 -11 -11  
 2.25143e-02 1.20457e-03 1.54899e+07 -11 -11  
 2.28680e-02 1.26134e-03 1.54846e+07 -11 -11  
 2.32275e-02 1.32079e-03 1.54791e+07 -11 -11  
 2.35928e-02 1.38304e-03 1.54734e+07 -11 -11  
 2.39641e-02 1.44822e-03 1.54676e+07 -11 -11  
 2.43413e-02 1.51647e-03 1.54615e+07 -11 -11  
 2.47248e-02 1.58794e-03 1.54553e+07 -11 -11  
 2.51145e-02 1.66278e-03 1.54489e+07 -11 -11  
 2.55105e-02 1.74114e-03 1.54423e+07 -11 -11  
 2.59130e-02 1.82320e-03 1.54355e+07 -11 -11  
 2.63222e-02 1.90912e-03 1.54285e+07 -11 -11  
 2.67380e-02 1.99910e-03 1.54213e+07 -11 -11  
 2.71607e-02 2.09331e-03 1.54138e+07 -11 -11  
 2.75904e-02 2.19196e-03 1.54062e+07 -11 -11  
 2.80272e-02 2.29527e-03 1.53982e+07 -11 -11  
 2.84712e-02 2.40344e-03 1.53901e+07 -11 -11  
 2.89225e-02 2.51671e-03 1.53817e+07 -11 -11  
 2.93814e-02 2.63532e-03 1.53730e+07 -11 -11  
 2.98478e-02 2.75952e-03 1.53641e+07 -11 -11  
 3.03221e-02 2.88957e-03 1.53549e+07 -11 -11  
 3.08043e-02 3.02575e-03 1.53454e+07 -11 -11  
 3.12945e-02 3.16835e-03 1.53356e+07 -11 -11  
 3.17931e-02 3.31767e-03 1.53255e+07 -11 -11  
 3.22999e-02 3.47403e-03 1.53151e+07 -11 -11  
 3.28154e-02 3.63776e-03 1.53044e+07 -11 -11  
 3.33396e-02 3.80920e-03 1.52933e+07 -11 -11  
 3.38726e-02 3.98872e-03 1.52820e+07 -11 -11  
 3.44147e-02 4.17670e-03 1.52702e+07 -11 -11  
 3.49661e-02 4.37354e-03 1.52581e+07 -11 -11  
 3.55268e-02 4.57966e-03 1.52457e+07 -11 -11  
 3.60972e-02 4.79550e-03 1.52328e+07 -11 -11  
 3.66774e-02 5.02150e-03 1.52196e+07 -11 -11  
 3.72676e-02 5.25816e-03 1.52060e+07 -11 -11  
 3.78680e-02 5.50597e-03 1.51919e+07 -11 -11  
 3.84789e-02 5.76545e-03 1.51774e+07 -11 -11  
 3.91003e-02 6.03717e-03 1.51625e+07 -11 -11  
 3.97326e-02 6.32169e-03 1.51471e+07 -11 -11  
 4.03760e-02 6.61963e-03 1.51313e+07 -11 -11  
 4.10307e-02 6.93160e-03 1.51149e+07 -11 -11  
 4.16969e-02 7.25828e-03 1.50981e+07 -11 -11  
 4.23750e-02 7.60035e-03 1.50808e+07 -11 -11  
 4.30651e-02 7.95854e-03 1.50629e+07 -11 -11  
 4.37674e-02 8.33362e-03 1.50445e+07 -11 -11  
 4.44824e-02 8.72637e-03 1.50256e+07 -11 -11  
 4.52102e-02 9.13763e-03 1.50060e+07 -11 -11  
 4.59512e-02 9.56827e-03 1.49859e+07 -11 -11  
 4.67056e-02 1.00192e-02 1.49652e+07 -11 -11  
 4.74737e-02 1.04914e-02 1.49438e+07 -11 -11  
 4.82558e-02 1.09858e-02 1.49218e+07 -11 -11  
 4.90523e-02 1.15036e-02 1.48992e+07 -11 -11  
 4.98635e-02 1.20457e-02 1.48758e+07 -11 -11  
 5.06897e-02 1.26134e-02 1.48518e+07 -11 -11  
 5.15313e-02 1.32079e-02 1.48270e+07 -11 -11  
 5.23887e-02 1.38304e-02 1.48015e+07 -11 -11  
 5.32622e-02 1.44822e-02 1.47752e+07 -11 -11  
 5.41521e-02 1.51647e-02 1.47482e+07 -11 -11  
 5.50590e-02 1.58794e-02 1.47203e+07 -11 -11  
 5.59831e-02 1.66278e-02 1.46916e+07 -11 -11  
 5.69250e-02 1.74114e-02 1.46621e+07 -11 -11  
 5.78851e-02 1.82320e-02 1.46317e+07 -11 -11  
 5.88638e-02 1.90912e-02 1.46003e+07 -11 -11  
 5.98616e-02 1.99910e-02 1.45681e+07 -11 -11  
 6.08790e-02 2.09331e-02 1.45349e+07 -11 -11  
 6.19165e-02 2.19196e-02 1.45007e+07 -11 -11  
 6.29745e-02 2.29527e-02 1.44655e+07 -11 -11  
 6.40538e-02 2.40344e-02 1.44293e+07 -11 -11  
 6.51547e-02 2.51671e-02 1.43920e+07 -11 -11  
 6.62779e-02 2.63532e-02 1.43536e+07 -11 -11  
 6.74239e-02 2.75952e-02 1.43141e+07 -11 -11  
 6.85935e-02 2.88957e-02 1.42734e+07 -11 -11  
 6.97873e-02 3.02575e-02 1.42316e+07 -11 -11  
 7.10058e-02 3.16835e-02 1.41885e+07 -11 -11  
 7.22498e-02 3.31767e-02 1.41442e+07 -11 -11  
 7.35201e-02 3.47403e-02 1.40986e+07 -11 -11  
 7.48174e-02 3.63776e-02 1.40516e+07 -11 -11  
 7.61423e-02 3.80920e-02 1.40034e+07 -11 -11  
 7.74684e-02 3.98503e-02 1.39547e+07 -11 -11  
 7.87823e-02 4.16343e-02 1.39062e+07 -11 -11  
 8.00856e-02 4.34448e-02 1.38578e+07 -11 -11  
 8.13793e-02 4.52823e-02 1.38094e+07 -11 -11  
 8.26646e-02 4.71474e-02 1.37611e+07 -11 -11  
 8.39427e-02 4.90407e-02 1.37128e+07 -11 -11  
 8.52145e-02 5.09630e-02 1.36645e+07 -11 -11  
 8.64809e-02 5.29149e-02 1.36162e+07 -11 -11  
 8.77430e-02 5.48974e-02 1.35679e+07 -11 -11  
 8.90016e-02 5.69111e-02 1.35196e+07 -11 -11  
 9.02575e-02 5.89568e-02 1.34711e+07 -11 -11  
 9.15115e-02 6.10356e-02 1.34226e+07 -11 -11  
 9.27645e-02 6.31483e-02 1.33740e+07 -11 -11  
 9.40171e-02 6.52960e-02 1.33252e+07 -11 -11  
 9.52703e-02 6.74795e-02 1.32763e+07 -11 -11  
 9.65246e-02 6.97002e-02 1.32272e+07 -11 -11  
 9.77809e-02 7.19590e-02 1.31779e+07 -11 -11  
 9.90398e-02 7.42573e-02 1.31285e+07 -11 -11  
 1.00302e-01 7.65962e-02 1.30788e+07 -11 -11  
 1.01569e-01 7.89772e-02 1.30288e+07 -11 -11  
 1.02840e-01 8.14018e-02 1.29786e+07 -11 -11  
 1.04117e-01 8.38713e-02 1.29281e+07 -11 -11  
 1.05401e-01 8.63875e-02 1.28772e+07 -11 -11  
 1.06691e-01 8.89519e-02 1.28261e+07 -11 -11  
 1.07990e-01 9.15665e-02 1.27746e+07 -11 -11  
 1.09297e-01 9.42332e-02 1.27227e+07 -11 -11  
 1.10614e-01 9.69538e-02 1.26704e+07 -11 -11  
 1.11941e-01 9.97308e-02 1.26176e+07 -11 -11  
 1.13280e-01 1.02566e-01 1.25644e+07 -11 -11  
 1.14631e-01 1.05463e-01 1.25107e+07 -11 -11  
 1.15996e-01 1.08423e-01 1.24565e+07 -11 -11  
 1.17375e-01 1.11449e-01 1.24018e+07 -11 -11  
 1.18769e-01 1.14545e-01 1.23464e+07 -11 -11  
 1.20179e-01 1.17713e-01 1.22904e+07 -11 -11  
 1.21608e-01 1.20958e-01 1.22338e+07 -11 -11  
 1.23055e-01 1.24282e-01 1.21765e+07 -11 -11  
 1.24523e-01 1.27690e-01 1.21184e+07 -11 -11  
 1.26012e-01 1.31186e-01 1.20595e+07 -11 -11  
 1.27525e-01 1.34775e-01 1.19999e+07 -11 -11  
 1.29063e-01 1.38462e-01 1.19393e+07 -11 -11  
 1.30629e-01 1.42252e-01 1.18777e+07 -11 -11  
 1.32222e-01 1.46151e-01 1.18152e+07 -11 -11  
 1.33847e-01 1.50166e-01 1.17516e+07 -11 -11  
 1.35505e-01 1.54305e-01 1.16869e+07 -11 -11  
 1.37199e-01 1.58574e-01 1.16209e+07 -11 -11  
 1.38931e-01 1.62982e-01 1.15537e+07 -11 -11  
 1.40705e-01 1.67538e-01 1.14850e+07 -11 -11  
 1.42523e-01 1.72253e-01 1.14149e+07 -11 -11  
 1.44389e-01 1.77139e-01 1.13432e+07 -11 -11  
 1.46308e-01 1.82206e-01 1.12698e+07 -11 -11  
 1.48283e-01 1.87470e-01 1.11946e+07 -11 -11  
 1.50300e-01 1.92891e-01 1.11182e+07 -11 -11  
 1.52304e-01 1.98326e-01 1.10425e+07 -11 -11  
 1.54297e-01 2.03771e-01 1.09677e+07 -11 -11  
 1.56278e-01 2.09226e-01 1.08938e+07 -11 -11  
 1.58248e-01 2.14688e-01 1.08206e+07 -11 -11  
 1.60207e-01 2.20158e-01 1.07482e+07 -11 -11  
 1.62156e-01 2.25632e-01 1.06766e+07 -11 -11  
 1.64094e-01 2.31109e-01 1.06058e+07 -11 -11  
 1.66023e-01 2.36589e-01 1.05358e+07 -11 -11  
 1.67942e-01 2.42070e-01 1.04666e+07 -11 -11  
 1.69852e-01 2.47550e-01 1.03981e+07 -11 -11  
 1.71752e-01 2.53029e-01 1.03304e+07 -11 -11  
 1.73644e-01 2.58505e-01 1.02634e+07 -11 -11  
 1.75527e-01 2.63977e-01 1.01971e+07 -11 -11  
 1.77401e-01 2.69444e-01 1.01316e+07 -11 -11  
 1.79267e-01 2.74904e-01 1.00668e+07 -11 -11  
 1.81125e-01 2.80358e-01 1.00027e+07 -11 -11  
 1.82976e-01 2.85803e-01 9.93925e+06 -11 -11  
 1.84818e-01 2.91239e-01 9.87652e+06 -11 -11  
 1.86653e-01 2.96664e-01 9.81448e+06 -11 -11  
 1.88480e-01 3.02079e-01 9.75310e+06 -11 -11  
 1.90300e-01 3.07481e-01 9.69239e+06 -11 -11  
 1.92114e-01 3.12871e-01 9.63233e+06 -11 -11  
 1.93920e-01 3.18247e-01 9.57291e+06 -11 -11  
 1.95720e-01 3.23608e-01 9.51413e+06 -11 -11  
 1.97514e-01 3.28954e-01 9.45598e+06 -11 -11  
 1.99301e-01 3.34284e-01 9.39844e+06 -11 -11  
 2.01082e-01 3.39598e-01 9.34150e+06 -11 -11  
 2.02856e-01 3.44894e-01 9.28517e+06 -11 -11  
 2.04626e-01 3.50172e-01 9.22942e+06 -11 -11  
 2.06389e-01 3.55431e-01 9.17426e+06 -11 -11  
 2.08147e-01 3.60671e-01 9.11968e+06 -11 -11  
 2.09899e-01 3.65891e-01 9.06567e+06 -11 -11  
 2.11647e-01 3.71091e-01 9.01223e+06 -11 -11  
 2.13389e-01 3.76270e-01 8.95933e+06 -11 -11  
 2.15127e-01 3.81427e-01 8.90698e+06 -11 -11  
 2.16860e-01 3.86563e-01 8.85515e+06 -11 -11  
 2.18588e-01 3.91676e-01 8.80385e+06 -11 -11  
 2.20311e-01 3.96766e-01 8.75306e+06 -11 -11  
 2.22030e-01 4.01833e-01 8.70279e+06 -11 -11  
 2.23745e-01 4.06877e-01 8.65301e+06 -11 -11  
 2.25456e-01 4.11897e-01 8.60373e+06 -11 -11  
 2.27163e-01 4.16892e-01 8.55494e+06 -11 -11  
 2.28866e-01 4.21862e-01 8.50663e+06 -11 -11  
 2.30566e-01 4.26808e-01 8.45880e+06 -11 -11  
 2.32261e-01 4.31728e-01 8.41143e+06 -11 -11  
 2.33953e-01 4.36622e-01 8.36451e+06 -11 -11  
 2.35642e-01 4.41491e-01 8.31805e+06 -11 -11  
 2.37327e-01 4.46333e-01 8.27203e+06 -11 -11  
 2.39009e-01 4.51149e-01 8.22645e+06 -11 -11  
 2.40687e-01 4.55939e-01 8.18130e+06 -11 -11  
 2.42363e-01 4.60701e-01 8.13658e+06 -11 -11  
 2.44036e-01 4.65437e-01 8.09227e+06 -11 -11  
 2.45706e-01 4.70145e-01 8.04837e+06 -11 -11  
 2.47373e-01 4.74825e-01 8.00488e+06 -11 -11  
 2.49038e-01 4.79478e-01 7.96178e+06 -11 -11  
 2.50699e-01 4.84104e-01 7.91908e+06 -11 -11  
 2.52359e-01 4.88701e-01 7.87677e+06 -11 -11  
 2.54016e-01 4.93270e-01 7.83483e+06 -11 -11  
 2.55670e-01 4.97812e-01 7.79327e+06 -11 -11  
 2.57323e-01 5.02324e-01 7.75207e+06 -11 -11  
 2.58973e-01 5.06809e-01 7.71123e+06 -11 -11  
 2.60621e-01 5.11265e-01 7.67076e+06 -11 -11  
 2.62267e-01 5.15692e-01 7.63063e+06 -11 -11  
 2.63912e-01 5.20091e-01 7.59085e+06 -11 -11  
 2.65554e-01 5.24461e-01 7.55142e+06 -11 -11  
 2.67195e-01 5.28802e-01 7.51232e+06 -11 -11  
 2.68834e-01 5.33115e-01 7.47355e+06 -11 -11  
 2.70472e-01 5.37398e-01 7.43511e+06 -11 -11  
 2.72108e-01 5.41653e-01 7.39699e+06 -11 -11  
 2.73742e-01 5.45879e-01 7.35919e+06 -11 -11  
 2.75375e-01 5.50076e-01 7.32171e+06 -11 -11  
 2.77008e-01 5.54244e-01 7.28454e+06 -11 -11  
 2.78638e-01 5.58383e-01 7.24767e+06 -11 -11  
 2.80268e-01 5.62493e-01 7.21111e+06 -11 -11  
 2.81897e-01 5.66574e-01 7.17484e+06 -11 -11  
 2.83524e-01 5.70627e-01 7.13887e+06 -11 -11  
 2.85151e-01 5.74650e-01 7.10319e+06 -11 -11  
 2.86777e-01 5.78645e-01 7.06780e+06 -11 -11  
 2.88403e-01 5.82611e-01 7.03269e+06 -11 -11  
 2.90027e-01 5.86548e-01 6.99786e+06 -11 -11  
 2.91652e-01 5.90457e-01 6.96331e+06 -11 -11  
 2.93275e-01 5.94337e-01 6.92903e+06 -11 -11  
 2.94898e-01 5.98188e-01 6.89501e+06 -11 -11  
 2.96521e-01 6.02011e-01 6.86126e+06 -11 -11  
 2.98143e-01 6.05806e-01 6.82778e+06 -11 -11  
 2.99765e-01 6.09572e-01 6.79455e+06 -11 -11  
 3.01387e-01 6.13310e-01 6.76158e+06 -11 -11  
 3.03009e-01 6.17019e-01 6.72886e+06 -11 -11  
 3.04631e-01 6.20701e-01 6.69638e+06 -11 -11  
 3.06252e-01 6.24354e-01 6.66415e+06 -11 -11  
 3.07874e-01 6.27980e-01 6.63214e+06 -11 -11  
 3.09495e-01 6.31577e-01 6.60035e+06 -11 -11  
 3.11117e-01 6.35147e-01 6.56879e+06 -11 -11  
 3.12739e-01 6.38690e-01 6.53745e+06 -11 -11  
 3.14361e-01 6.42205e-01 6.50632e+06 -11 -11  
 3.15983e-01 6.45692e-01 6.47540e+06 -11 -11  
 3.17606e-01 6.49152e-01 6.44469e+06 -11 -11  
 3.19229e-01 6.52585e-01 6.41419e+06 -11 -11  
 3.20852e-01 6.55990e-01 6.38390e+06 -11 -11  
 3.22476e-01 6.59369e-01 6.35380e+06 -11 -11  
 3.24101e-01 6.62721e-01 6.32391e+06 -11 -11  
 3.25726e-01 6.66046e-01 6.29421e+06 -11 -11  
 3.27351e-01 6.69345e-01 6.26471e+06 -11 -11  
 3.28977e-01 6.72617e-01 6.23539e+06 -11 -11  
 3.30604e-01 6.75862e-01 6.20627e+06 -11 -11  
 3.32232e-01 6.79082e-01 6.17733e+06 -11 -11  
 3.33860e-01 6.82275e-01 6.14858e+06 -11 -11  
 3.35489e-01 6.85442e-01 6.12001e+06 -11 -11  
 3.37119e-01 6.88583e-01 6.09161e+06 -11 -11  
 3.38749e-01 6.91699e-01 6.06340e+06 -11 -11  
 3.40381e-01 6.94789e-01 6.03536e+06 -11 -11  
 3.42013e-01 6.97854e-01 6.00749e+06 -11 -11  
 3.43647e-01 7.00893e-01 5.97980e+06 -11 -11  
 3.45281e-01 7.03907e-01 5.95227e+06 -11 -11  
 3.46917e-01 7.06896e-01 5.92492e+06 -11 -11  
 3.48554e-01 7.09860e-01 5.89772e+06 -11 -11  
 3.50191e-01 7.12799e-01 5.87070e+06 -11 -11  
 3.51830e-01 7.15714e-01 5.84383e+06 -11 -11  
 3.53470e-01 7.18604e-01 5.81712e+06 -11 -11  
 3.55112e-01 7.21470e-01 5.79057e+06 -11 -11  
 3.56754e-01 7.24311e-01 5.76418e+06 -11 -11  
 3.58398e-01 7.27129e-01 5.73794e+06 -11 -11  
 3.60043e-01 7.29922e-01 5.71186e+06 -11 -11  
 3.61689e-01 7.32692e-01 5.68592e+06 -11 -11  
 3.63337e-01 7.35438e-01 5.66014e+06 -11 -11  
 3.64986e-01 7.38161e-01 5.63450e+06 -11 -11  
 3.66637e-01 7.40860e-01 5.60901e+06 -11 -11  
 3.68289e-01 7.43536e-01 5.58366e+06 -11 -11  
 3.69943e-01 7.46189e-01 5.55846e+06 -11 -11  
 3.71598e-01 7.48819e-01 5.53339e+06 -11 -11  
 3.73255e-01 7.51426e-01 5.50847e+06 -11 -11  
 3.74913e-01 7.54011e-01 5.48368e+06 -11 -11  
 3.76573e-01 7.56573e-01 5.45904e+06 -11 -11  
 3.78234e-01 7.59113e-01 5.43452e+06 -11 -11  
 3.79897e-01 7.61630e-01 5.41014e+06 -11 -11  
 3.81562e-01 7.64126e-01 5.38590e+06 -11 -11  
 3.83229e-01 7.66600e-01 5.36178e+06 -11 -11  
 3.84897e-01 7.69052e-01 5.33780e+06 -11 -11  
 3.86567e-01 7.71482e-01 5.31394e+06 -11 -11  
 3.88239e-01 7.73891e-01 5.29021e+06 -11 -11  
 3.89912e-01 7.76278e-01 5.26660e+06 -11 -11  
 3.91588e-01 7.78644e-01 5.24312e+06 -11 -11  
 3.93265e-01 7.80990e-01 5.21976e+06 -11 -11  
 3.94944e-01 7.83314e-01 5.19652e+06 -11 -11  
 3.96625e-01 7.85618e-01 5.17341e+06 -11 -11  
 3.98308e-01 7.87901e-01 5.15041e+06 -11 -11  
 3.99993e-01 7.90164e-01 5.12753e+06 -11 -11  
 4.01680e-01 7.92406e-01 5.10477e+06 -11 -11  
 4.03369e-01 7.94628e-01 5.08212e+06 -11 -11  
 4.05060e-01 7.96830e-01 5.05958e+06 -11 -11  
 4.06753e-01 7.99012e-01 5.03716e+06 -11 -11  
 4.08448e-01 8.01175e-01 5.01486e+06 -11 -11  
 4.10145e-01 8.03318e-01 4.99266e+06 -11 -11  
 4.11843e-01 8.05441e-01 4.97057e+06 -11 -11  
 4.13545e-01 8.07545e-01 4.94858e+06 -11 -11  
 4.15248e-01 8.09630e-01 4.92671e+06 -11 -11  
 4.16953e-01 8.11696e-01 4.90494e+06 -11 -11  
 4.18661e-01 8.13743e-01 4.88328e+06 -11 -11  
 4.20371e-01 8.15771e-01 4.86172e+06 -11 -11  
 4.22083e-01 8.17781e-01 4.84026e+06 -11 -11  
 4.23797e-01 8.19772e-01 4.81891e+06 -11 -11  
 4.25513e-01 8.21745e-01 4.79765e+06 -11 -11  
 4.27232e-01 8.23700e-01 4.77650e+06 -11 -11  
 4.28953e-01 8.25636e-01 4.75544e+06 -11 -11  
 4.30676e-01 8.27555e-01 4.73449e+06 -11 -11  
 4.32401e-01 8.29456e-01 4.71363e+06 -11 -11  
 4.34129e-01 8.31339e-01 4.69287e+06 -11 -11  
 4.35859e-01 8.33204e-01 4.67220e+06 -11 -11  
 4.37591e-01 8.35053e-01 4.65163e+06 -11 -11  
 4.39325e-01 8.36884e-01 4.63115e+06 -11 -11  
 4.41063e-01 8.38697e-01 4.61077e+06 -11 -11  
 4.42802e-01 8.40494e-01 4.59048e+06 -11 -11  
 4.44543e-01 8.42274e-01 4.57027e+06 -11 -11  
 4.46288e-01 8.44037e-01 4.55016e+06 -11 -11  
 4.48034e-01 8.45784e-01 4.53014e+06 -11 -11  
 4.49783e-01 8.47514e-01 4.51021e+06 -11 -11  
 4.51534e-01 8.49228e-01 4.49036e+06 -11 -11  
 4.53288e-01 8.50926e-01 4.47061e+06 -11 -11  
 4.55044e-01 8.52607e-01 4.45094e+06 -11 -11.426  
 4.56803e-01 8.54273e-01 4.43135e+06 -11 -10.805  
 4.58564e-01 8.55922e-01 4.41185e+06 -11 -10.215  
 4.60328e-01 8.57556e-01 4.39243e+06 -11 -9.658  
 4.62094e-01 8.59175e-01 4.37309e+06 -11 -9.130  
 4.63862e-01 8.60778e-01 4.35384e+06 -11 -8.629  
 4.65633e-01 8.62365e-01 4.33467e+06 -11 -8.153  
 4.67407e-01 8.63938e-01 4.31558e+06 -11 -7.700  
 4.69183e-01 8.65495e-01 4.29657e+06 -11 -7.268  
 4.70961e-01 8.67037e-01 4.27763e+06 -11 -6.855  
 4.72743e-01 8.68565e-01 4.25877e+06 -11 -6.461  
 4.74526e-01 8.70077e-01 4.23999e+06 -11 -6.085  
 4.76312e-01 8.71575e-01 4.22129e+06 -11 -5.725  
 4.78101e-01 8.73059e-01 4.20266e+06 -11 -5.380  
 4.79892e-01 8.74528e-01 4.18411e+06 -11 -5.051  
 4.81686e-01 8.75983e-01 4.16563e+06 -11 -4.737  
 4.83482e-01 8.77424e-01 4.14722e+06 -11 -4.437  
 4.85281e-01 8.78851e-01 4.12889e+06 -11 -4.150  
 4.87083e-01 8.80263e-01 4.11062e+06 -11 -3.877  
 4.88887e-01 8.81662e-01 4.09243e+06 -11 -3.617  
 4.90694e-01 8.83048e-01 4.07431e+06 -11 -3.369  
 4.92503e-01 8.84420e-01 4.05626e+06 -11 -3.134  
 4.94314e-01 8.85778e-01 4.03827e+06 -11 -2.909  
 4.96129e-01 8.87123e-01 4.02035e+06 -11 -2.697  
 4.97946e-01 8.88454e-01 4.00250e+06 -11 -2.495  
 4.99765e-01 8.89773e-01 3.98472e+06 -11 -2.303  
 5.01587e-01 8.91079e-01 3.96700e+06 -11 -2.122  
 5.03412e-01 8.92371e-01 3.94934e+06 -11 -1.950  
 5.05239e-01 8.93651e-01 3.93175e+06 -11 -1.787  
 5.07069e-01 8.94918e-01 3.91422e+06 -11 -1.633  
 5.08901e-01 8.96173e-01 3.89675e+06 -11 -1.487  
 5.10736e-01 8.97415e-01 3.87935e+06 -11 -1.349  
 5.12574e-01 8.98644e-01 3.86201e+06 -11 -1.218  
 5.14413e-01 8.99862e-01 3.84472e+06 -11 -1.095  
 5.16256e-01 9.01067e-01 3.82750e+06 -11 -0.978  
 5.18101e-01 9.02260e-01 3.81034e+06 -11 -0.868  
 5.19949e-01 9.03441e-01 3.79323e+06 -11 -0.764  
 5.21799e-01 9.04610e-01 3.77618e+06 -11 -0.665  
 5.23652e-01 9.05768e-01 3.75919e+06 -11 -0.572  
 5.25507e-01 9.06914e-01 3.74226e+06 -11 -0.484  
 5.27365e-01 9.08048e-01 3.72538e+06 -11 -0.401  
 5.29225e-01 9.09171e-01 3.70855e+06 -11 -0.323  
 5.31088e-01 9.10282e-01 3.69178e+06 -11 -0.248  
 5.32953e-01 9.11382e-01 3.67507e+06 -11 -0.178  
 5.34821e-01 9.12471e-01 3.65840e+06 -11 -0.112  
 5.36692e-01 9.13549e-01 3.64179e+06 -11 -0.049  
 5.38565e-01 9.14616e-01 3.62523e+06 -11  0.010  
 5.40440e-01 9.15672e-01 3.60872e+06 -11  0.067  
 5.42317e-01 9.16717e-01 3.59226e+06 -11  0.120  
 5.44198e-01 9.17751e-01 3.57585e+06 -11  0.171  
 5.46080e-01 9.18775e-01 3.55949e+06 -11  0.218  
 5.47965e-01 9.19788e-01 3.54318e+06 -11.146  0.264  
 5.49852e-01 9.20791e-01 3.52691e+06 -10.503  0.307  
 5.51742e-01 9.21784e-01 3.51069e+06 -9.895  0.348  
 5.53634e-01 9.22766e-01 3.49451e+06 -9.326  0.386  
 5.55528e-01 9.23738e-01 3.47838e+06 -8.792  0.423  
 5.57425e-01 9.24700e-01 3.46230e+06 -8.290  0.458  
 5.59324e-01 9.25652e-01 3.44625e+06 -7.818  0.491  
 5.61226e-01 9.26594e-01 3.43025e+06 -7.372  0.523  
 5.63129e-01 9.27526e-01 3.41429e+06 -6.951  0.553  
 5.65035e-01 9.28449e-01 3.39837e+06 -6.553  0.581  
 5.66943e-01 9.29362e-01 3.38250e+06 -6.175  0.609  
 5.68854e-01 9.30265e-01 3.36666e+06 -5.817  0.635  
 5.70766e-01 9.31159e-01 3.35086e+06 -5.476  0.659  
 5.72681e-01 9.32043e-01 3.33509e+06 -5.152  0.683  
 5.74597e-01 9.32919e-01 3.31937e+06 -4.843  0.705  
 5.76516e-01 9.33784e-01 3.30368e+06 -4.549  0.727  
 5.78437e-01 9.34641e-01 3.28802e+06 -4.268  0.748  
 5.80360e-01 9.35489e-01 3.27240e+06 -4.001  0.767  
 5.82286e-01 9.36328e-01 3.25681e+06 -3.746  0.786  
 5.84213e-01 9.37157e-01 3.24125e+06 -3.503  0.804  
 5.86142e-01 9.37978e-01 3.22573e+06 -3.272  0.821  
 5.88073e-01 9.38790e-01 3.21023e+06 -3.051  0.838  
 5.90005e-01 9.39594e-01 3.19477e+06 -2.841  0.853  
 5.91940e-01 9.40389e-01 3.17933e+06 -2.641  0.869  
 5.93877e-01 9.41175e-01 3.16392e+06 -2.451  0.883  
 5.95815e-01 9.41953e-01 3.14853e+06 -2.271  0.897  
 5.97755e-01 9.42723e-01 3.13317e+06 -2.099  0.910  
 5.99697e-01 9.43484e-01 3.11784e+06 -1.936  0.923  
 6.01641e-01 9.44237e-01 3.10252e+06 -1.782  0.935  
 6.03586e-01 9.44982e-01 3.08723e+06 -1.635  0.947  
 6.05533e-01 9.45718e-01 3.07196e+06 -1.496  0.959  
 6.07481e-01 9.46447e-01 3.05671e+06 -1.365  0.970  
 6.09431e-01 9.47168e-01 3.04148e+06 -1.240  0.980  
 6.11382e-01 9.47881e-01 3.02627e+06 -1.122  0.990  
 6.13335e-01 9.48586e-01 3.01107e+06 -1.011  1.000  
 6.15289e-01 9.49283e-01 2.99588e+06 -0.905  1.010  
 6.17244e-01 9.49973e-01 2.98071e+06 -0.805  1.019  
 6.19201e-01 9.50655e-01 2.96555e+06 -0.711  1.027  
 6.21159e-01 9.51330e-01 2.95041e+06 -0.622  1.036  
 6.23118e-01 9.51997e-01 2.93527e+06 -0.538  1.044  
 6.25078e-01 9.52657e-01 2.92013e+06 -0.458  1.052  
 6.27039e-01 9.53309e-01 2.90500e+06 -0.383  1.059  
 6.29001e-01 9.53954e-01 2.88988e+06 -0.312  1.067  
 6.30964e-01 9.54592e-01 2.87476e+06 -0.245  1.074  
 6.32928e-01 9.55223e-01 2.85964e+06 -0.181  1.080  
 6.34892e-01 9.55847e-01 2.84452e+06 -0.121  1.087  
 6.36857e-01 9.56464e-01 2.82939e+06 -0.065  1.093  
 6.38823e-01 9.57074e-01 2.81426e+06 -0.011  1.099  
 6.40789e-01 9.57676e-01 2.79912e+06  0.039  1.105  
 6.42756e-01 9.58273e-01 2.78397e+06  0.087  1.111  
 6.44723e-01 9.58862e-01 2.76880e+06  0.132  1.116  
 6.46690e-01 9.59445e-01 2.75362e+06  0.175  1.121  
 6.48657e-01 9.60021e-01 2.73843e+06  0.215  1.127  
 6.50625e-01 9.60590e-01 2.72321e+06  0.253  1.131  
 6.52592e-01 9.61153e-01 2.70797e+06  0.289  1.136  
 6.54560e-01 9.61709e-01 2.69271e+06  0.323  1.141  
 6.56527e-01 9.62259e-01 2.67742e+06  0.356  1.145  
 6.58494e-01 9.62803e-01 2.66212e+06  0.386  1.149  
 6.60460e-01 9.63341e-01 2.64679e+06  0.415  1.153  
 6.62426e-01 9.63872e-01 2.63144e+06  0.443  1.157  
 6.64391e-01 9.64397e-01 2.61606e+06  0.469  1.161  
 6.66355e-01 9.64916e-01 2.60065e+06  0.493  1.165  
 6.68319e-01 9.65428e-01 2.58520e+06  0.516  1.168  
 6.70281e-01 9.65935e-01 2.56971e+06  0.539  1.172  
 6.72243e-01 9.66436e-01 2.55417e+06  0.559  1.175  
 6.74203e-01 9.66931e-01 2.53859e+06  0.579  1.178  
 6.76162e-01 9.67420e-01 2.52295e+06  0.598  1.181  
 6.78119e-01 9.67903e-01 2.50725e+06  0.616  1.184  
 6.80074e-01 9.68381e-01 2.49149e+06  0.633  1.187  
 6.82027e-01 9.68852e-01 2.47566e+06  0.649  1.189  
 6.83979e-01 9.69318e-01 2.45975e+06  0.664  1.192  
 6.85928e-01 9.69779e-01 2.44375e+06  0.678  1.194  
 6.87875e-01 9.70234e-01 2.42767e+06  0.692  1.197  
 6.89819e-01 9.70683e-01 2.41148e+06  0.704  1.199  
 6.91760e-01 9.71127e-01 2.39519e+06  0.717  1.201  
 6.93698e-01 9.71566e-01 2.37878e+06  0.728  1.203  
 6.95633e-01 9.71999e-01 2.36225e+06  0.739  1.205  
 6.97565e-01 9.72427e-01 2.34557e+06  0.749  1.206  
 6.99492e-01 9.72850e-01 2.32874e+06  0.758  1.208  
 7.01484e-01 9.73282e-01 2.31114e+06  0.768  1.210  
 7.03392e-01 9.73691e-01 2.29406e+06  0.776  1.211  
 7.05296e-01 9.74096e-01 2.27678e+06  0.783  1.212  
 7.07195e-01 9.74496e-01 2.25928e+06  0.790  1.214  
 7.09089e-01 9.74890e-01 2.24154e+06  0.797  1.215  
 7.10977e-01 9.75280e-01 2.22353e+06  0.819  1.218  
 7.12860e-01 9.75665e-01 2.20444e+06  0.819  1.218  
 7.14735e-01 9.76045e-01 2.18454e+06  0.819  1.218  
 7.16603e-01 9.76420e-01 2.16481e+06  0.819  1.218  
 7.18462e-01 9.76790e-01 2.14526e+06  0.819  1.218  
 7.20324e-01 9.77158e-01 2.12578e+06  0.819  1.218  
 7.22177e-01 9.77520e-01 2.10648e+06  0.819  1.218  
 7.24022e-01 9.77878e-01 2.08735e+06  0.819  1.218  
 7.25859e-01 9.78232e-01 2.06840e+06  0.819  1.218  
 7.27687e-01 9.78580e-01 2.04962e+06  0.819  1.218  
 7.29508e-01 9.78924e-01 2.03101e+06  0.819  1.218  
 7.31320e-01 9.79264e-01 2.01257e+06  0.819  1.218  
 7.33124e-01 9.79599e-01 1.99430e+06  0.819  1.218  
 7.34919e-01 9.79929e-01 1.97620e+06  0.819  1.218  
 7.36706e-01 9.80255e-01 1.95825e+06  0.819  1.218  
 7.38485e-01 9.80577e-01 1.94048e+06  0.819  1.218  
 7.40256e-01 9.80894e-01 1.92286e+06  0.819  1.218  
 7.42018e-01 9.81206e-01 1.90540e+06  0.819  1.218  
 7.43772e-01 9.81515e-01 1.88811e+06  0.819  1.218  
 7.45517e-01 9.81819e-01 1.87097e+06  0.819  1.218  
 7.47254e-01 9.82119e-01 1.85398e+06  0.819  1.218  
 7.48982e-01 9.82415e-01 1.83715e+06  0.819  1.218  
 7.50703e-01 9.82706e-01 1.82048e+06  0.819  1.218  
 7.52414e-01 9.82994e-01 1.80395e+06  0.819  1.218  
 7.54117e-01 9.83277e-01 1.78758e+06  0.819  1.218  
 7.55812e-01 9.83557e-01 1.77135e+06  0.819  1.218  
 7.57499e-01 9.83832e-01 1.75527e+06  0.819  1.218  
 7.59177e-01 9.84104e-01 1.73934e+06  0.819  1.218  
 7.60846e-01 9.84371e-01 1.72355e+06  0.819  1.218  
 7.62507e-01 9.84635e-01 1.70791e+06  0.819  1.218  
 7.64159e-01 9.84895e-01 1.69240e+06  0.819  1.218  
 7.65803e-01 9.85151e-01 1.67704e+06  0.819  1.218  
 7.67439e-01 9.85403e-01 1.66182e+06  0.819  1.218  
 7.69066e-01 9.85652e-01 1.64674e+06  0.819  1.218  
 7.70685e-01 9.85897e-01 1.63179e+06  0.819  1.218  
 7.72295e-01 9.86139e-01 1.61698e+06  0.819  1.218  
 7.73897e-01 9.86376e-01 1.60231e+06  0.819  1.218  
 7.75490e-01 9.86611e-01 1.58777e+06  0.819  1.218  
 7.77075e-01 9.86841e-01 1.57336e+06  0.819  1.218  
 7.78651e-01 9.87069e-01 1.55908e+06  0.819  1.218  
 7.80219e-01 9.87293e-01 1.54493e+06  0.819  1.218  
 7.81778e-01 9.87513e-01 1.53091e+06  0.819  1.218  
 7.83329e-01 9.87730e-01 1.51702e+06  0.819  1.218  
 7.84872e-01 9.87944e-01 1.50325e+06  0.819  1.218  
 7.86405e-01 9.88155e-01 1.48961e+06  0.819  1.218  
 7.87931e-01 9.88362e-01 1.47609e+06  0.819  1.218  
 7.89448e-01 9.88566e-01 1.46270e+06  0.819  1.218  
 7.90957e-01 9.88767e-01 1.44943e+06  0.819  1.218  
 7.92457e-01 9.88965e-01 1.43627e+06  0.819  1.218  
 7.93949e-01 9.89160e-01 1.42324e+06  0.819  1.218  
 7.95433e-01 9.89352e-01 1.41033e+06  0.819  1.218  
 7.96908e-01 9.89540e-01 1.39753e+06  0.819  1.218  
 7.98375e-01 9.89726e-01 1.38485e+06  0.819  1.218  
 7.99833e-01 9.89909e-01 1.37229e+06  0.819  1.218  
 8.01284e-01 9.90089e-01 1.35984e+06  0.819  1.218  
 8.02725e-01 9.90266e-01 1.34750e+06  0.819  1.218  
 8.04159e-01 9.90440e-01 1.33528e+06  0.819  1.218  
 8.05584e-01 9.90612e-01 1.32316e+06  0.819  1.218  
 8.07001e-01 9.90781e-01 1.31116e+06  0.819  1.218  
 8.08409e-01 9.90947e-01 1.29926e+06  0.819  1.218  
 8.09810e-01 9.91110e-01 1.28748e+06  0.819  1.218  
 8.11202e-01 9.91271e-01 1.27579e+06  0.819  1.218  
 8.12586e-01 9.91429e-01 1.26422e+06  0.819  1.218  
 8.13961e-01 9.91585e-01 1.25275e+06  0.819  1.218  
 8.15329e-01 9.91738e-01 1.24139e+06  0.819  1.218  
 8.16688e-01 9.91888e-01 1.23013e+06  0.819  1.218  
 8.18039e-01 9.92036e-01 1.21897e+06  0.819  1.218  
 8.19382e-01 9.92182e-01 1.20791e+06  0.819  1.218  
 8.20716e-01 9.92325e-01 1.19695e+06  0.819  1.218  
 8.22043e-01 9.92466e-01 1.18609e+06  0.819  1.218  
 8.23362e-01 9.92605e-01 1.17533e+06  0.819  1.218  
 8.24672e-01 9.92741e-01 1.16467e+06  0.819  1.218  
 8.25975e-01 9.92875e-01 1.15410e+06  0.819  1.218  
 8.27269e-01 9.93006e-01 1.14363e+06  0.819  1.218  
 8.28556e-01 9.93136e-01 1.13326e+06  0.819  1.218  
 8.29834e-01 9.93263e-01 1.12298e+06  0.819  1.218  
 8.31104e-01 9.93388e-01 1.11279e+06  0.819  1.218  
 8.32367e-01 9.93512e-01 1.10270e+06  0.819  1.218  
 8.33621e-01 9.93632e-01 1.09269e+06  0.819  1.218  
 8.34868e-01 9.93751e-01 1.08278e+06  0.819  1.218  
 8.36107e-01 9.93868e-01 1.07296e+06  0.819  1.218  
 8.37338e-01 9.93983e-01 1.06322e+06  0.819  1.218  
 8.38561e-01 9.94096e-01 1.05358e+06  0.819  1.218  
 8.39776e-01 9.94207e-01 1.04402e+06  0.819  1.218  
 8.40984e-01 9.94316e-01 1.03455e+06  0.819  1.218  
 8.42183e-01 9.94423e-01 1.02516e+06  0.819  1.218  
 8.43375e-01 9.94529e-01 1.01586e+06  0.819  1.218  
 8.44560e-01 9.94632e-01 1.00664e+06  0.819  1.218  
 8.45736e-01 9.94734e-01 9.97511e+05  0.819  1.218  
 8.46905e-01 9.94834e-01 9.88462e+05  0.819  1.218  
 8.48066e-01 9.94932e-01 9.79494e+05  0.819  1.218  
 8.49220e-01 9.95028e-01 9.70608e+05  0.819  1.218  
 8.50366e-01 9.95123e-01 9.61803e+05  0.819  1.218  
 8.51505e-01 9.95216e-01 9.53078e+05  0.819  1.218  
 8.52636e-01 9.95308e-01 9.44432e+05  0.819  1.218  
 8.53759e-01 9.95398e-01 9.35864e+05  0.819  1.218  
 8.54875e-01 9.95486e-01 9.27374e+05  0.819  1.218  
 8.55984e-01 9.95573e-01 9.18962e+05  0.819  1.218  
 8.57085e-01 9.95658e-01 9.10626e+05  0.819  1.218  
 8.58179e-01 9.95741e-01 9.02366e+05  0.819  1.218  
 8.59266e-01 9.95823e-01 8.94181e+05  0.819  1.218  
 8.60345e-01 9.95904e-01 8.86070e+05  0.819  1.218  
 8.61417e-01 9.95983e-01 8.78034e+05  0.819  1.218  
 8.62481e-01 9.96061e-01 8.70070e+05  0.819  1.218  
 8.63538e-01 9.96138e-01 8.62179e+05  0.819  1.218  
 8.64588e-01 9.96213e-01 8.54360e+05  0.819  1.218  
 8.65631e-01 9.96286e-01 8.46612e+05  0.819  1.218  
 8.66667e-01 9.96359e-01 8.38934e+05  0.819  1.218  
 8.67696e-01 9.96430e-01 8.31327e+05  0.819  1.218  
 8.68717e-01 9.96499e-01 8.23788e+05  0.819  1.218  
 8.69732e-01 9.96568e-01 8.16319e+05  0.819  1.218  
 8.70739e-01 9.96635e-01 8.08917e+05  0.819  1.218  
 8.71740e-01 9.96701e-01 8.01583e+05  0.819  1.218  
 8.72733e-01 9.96766e-01 7.94316e+05  0.819  1.218  
 8.73720e-01 9.96829e-01 7.87115e+05  0.819  1.218  
 8.74699e-01 9.96892e-01 7.79980e+05  0.819  1.218  
 8.75672e-01 9.96953e-01 7.72910e+05  0.819  1.218  
 8.76638e-01 9.97013e-01 7.65904e+05  0.819  1.218  
 8.77597e-01 9.97072e-01 7.58962e+05  0.819  1.218  
 8.78550e-01 9.97130e-01 7.52084e+05  0.819  1.218  
 8.79495e-01 9.97187e-01 7.45268e+05  0.819  1.218  
 8.80434e-01 9.97242e-01 7.38514e+05  0.819  1.218  
 8.81366e-01 9.97297e-01 7.31822e+05  0.819  1.218  
 8.82292e-01 9.97351e-01 7.25191e+05  0.819  1.218  
 8.83211e-01 9.97404e-01 7.18621e+05  0.819  1.218  
 8.84123e-01 9.97455e-01 7.12111e+05  0.819  1.218  
 8.85029e-01 9.97506e-01 7.05660e+05  0.819  1.218  
 8.85928e-01 9.97556e-01 6.99268e+05  0.819  1.218  
 8.86821e-01 9.97605e-01 6.92934e+05  0.819  1.218  
 8.87707e-01 9.97653e-01 6.86658e+05  0.819  1.218  
 8.88587e-01 9.97700e-01 6.80440e+05  0.819  1.218  
 8.89461e-01 9.97746e-01 6.74278e+05  0.819  1.218  
 8.90328e-01 9.97791e-01 6.68172e+05  0.819  1.218  
 8.91189e-01 9.97835e-01 6.62122e+05  0.819  1.218  
 8.92043e-01 9.97879e-01 6.56128e+05  0.819  1.218  
 8.92892e-01 9.97922e-01 6.50188e+05  0.819  1.218  
 8.93734e-01 9.97963e-01 6.44302e+05  0.819  1.218  
 8.94570e-01 9.98005e-01 6.38470e+05  0.819  1.218  
 8.95400e-01 9.98045e-01 6.32691e+05  0.819  1.218  
 8.96223e-01 9.98084e-01 6.26965e+05  0.819  1.218  
 8.97041e-01 9.98123e-01 6.21292e+05  0.819  1.218  
 8.97852e-01 9.98161e-01 6.15670e+05  0.819  1.218  
 8.98658e-01 9.98199e-01 6.10099e+05  0.819  1.218  
 8.99457e-01 9.98235e-01 6.04580e+05  0.819  1.218  
 9.00251e-01 9.98271e-01 5.99110e+05  0.819  1.218  
 9.01038e-01 9.98306e-01 5.93691e+05  0.819  1.218  
 9.01820e-01 9.98341e-01 5.88321e+05  0.819  1.218  
 9.02596e-01 9.98374e-01 5.83001e+05  0.819  1.218  
 9.03366e-01 9.98408e-01 5.77728e+05  0.819  1.218  
 9.04130e-01 9.98440e-01 5.72504e+05  0.819  1.218  
 9.04888e-01 9.98472e-01 5.67328e+05  0.819  1.218  
 9.05641e-01 9.98503e-01 5.62199e+05  0.819  1.218  
 9.06388e-01 9.98534e-01 5.57117e+05  0.819  1.218  
 9.07130e-01 9.98564e-01 5.52081e+05  0.819  1.218  
 9.07865e-01 9.98593e-01 5.47091e+05  0.819  1.218  
 9.08596e-01 9.98622e-01 5.42147e+05  0.819  1.218  
 9.09320e-01 9.98651e-01 5.37248e+05  0.819  1.218  
 9.10039e-01 9.98678e-01 5.32394e+05  0.819  1.218  
 9.10753e-01 9.98706e-01 5.27585e+05  0.819  1.218  
 9.11461e-01 9.98732e-01 5.22819e+05  0.819  1.218  
 9.12164e-01 9.98758e-01 5.18097e+05  0.819  1.218  
 9.12861e-01 9.98784e-01 5.13418e+05  0.819  1.218  
 9.13553e-01 9.98809e-01 5.08781e+05  0.819  1.218  
 9.14239e-01 9.98834e-01 5.04187e+05  0.819  1.218  
 9.14921e-01 9.98858e-01 4.99636e+05  0.819  1.218  
 9.15597e-01 9.98882e-01 4.95126e+05  0.819  1.218  
 9.16268e-01 9.98905e-01 4.90657e+05  0.819  1.218  
 9.16933e-01 9.98928e-01 4.86229e+05  0.819  1.218  
 9.17594e-01 9.98950e-01 4.81842e+05  0.819  1.218  
 9.18249e-01 9.98972e-01 4.77495e+05  0.819  1.218  
 9.18899e-01 9.98993e-01 4.73187e+05  0.819  1.218  
 9.19544e-01 9.99014e-01 4.68919e+05  0.819  1.218  
 9.20184e-01 9.99035e-01 4.64691e+05  0.819  1.218  
 9.20820e-01 9.99055e-01 4.60500e+05  0.819  1.218  
 9.21450e-01 9.99074e-01 4.56349e+05  0.819  1.218  
 9.22075e-01 9.99094e-01 4.52235e+05  0.819  1.218  
 9.22695e-01 9.99113e-01 4.48159e+05  0.819  1.218  
 9.23311e-01 9.99131e-01 4.44121e+05  0.819  1.218  
 9.23921e-01 9.99149e-01 4.40120e+05  0.819  1.218  
 9.24527e-01 9.99167e-01 4.36155e+05  0.819  1.218  
 9.25128e-01 9.99185e-01 4.32227e+05  0.819  1.218  
 9.25724e-01 9.99202e-01 4.28334e+05  0.819  1.218  
 9.26316e-01 9.99219e-01 4.24478e+05  0.819  1.218  
 9.26902e-01 9.99235e-01 4.20657e+05  0.819  1.218  
 9.27485e-01 9.99251e-01 4.16871e+05  0.819  1.218  
 9.28062e-01 9.99267e-01 4.13119e+05  0.819  1.218  
 9.28635e-01 9.99282e-01 4.09402e+05  0.819  1.218  
 9.29203e-01 9.99297e-01 4.05720e+05  0.819  1.218  
 9.29767e-01 9.99312e-01 4.02071e+05  0.819  1.218  
 9.30327e-01 9.99327e-01 3.98456e+05  0.819  1.218  
 9.30881e-01 9.99341e-01 3.94874e+05  0.819  1.218  
 9.31432e-01 9.99355e-01 3.91325e+05  0.819  1.218  
 9.31978e-01 9.99368e-01 3.87808e+05  0.819  1.218  
 9.32519e-01 9.99382e-01 3.84324e+05  0.819  1.218  
 9.33057e-01 9.99395e-01 3.80872e+05  0.819  1.218  
 9.33590e-01 9.99408e-01 3.77452e+05  0.819  1.218  
 9.34118e-01 9.99420e-01 3.74063e+05  0.819  1.218  
 9.34643e-01 9.99432e-01 3.70705e+05  0.819  1.218  
 9.35163e-01 9.99445e-01 3.67378e+05  0.819  1.218  
 9.35679e-01 9.99456e-01 3.64082e+05  0.819  1.218  
 9.36191e-01 9.99468e-01 3.60816e+05  0.819  1.218  
 9.36698e-01 9.99479e-01 3.57580e+05  0.819  1.218  
 9.37202e-01 9.99490e-01 3.54374e+05  0.819  1.218  
 9.37701e-01 9.99501e-01 3.51198e+05  0.819  1.218  
 9.38197e-01 9.99512e-01 3.48051e+05  0.819  1.218  
 9.38688e-01 9.99522e-01 3.44933e+05  0.819  1.218  
 9.39176e-01 9.99532e-01 3.41844e+05  0.819  1.218  
 9.39659e-01 9.99542e-01 3.38783e+05  0.819  1.218  
 9.40138e-01 9.99552e-01 3.35751e+05  0.819  1.218  
 9.40614e-01 9.99562e-01 3.32747e+05  0.819  1.218  
 9.41086e-01 9.99571e-01 3.29770e+05  0.819  1.218  
 9.41553e-01 9.99580e-01 3.26822e+05  0.819  1.218  
 9.42017e-01 9.99589e-01 3.23900e+05  0.819  1.218  
 9.42477e-01 9.99598e-01 3.21005e+05  0.819  1.218  
 9.42934e-01 9.99607e-01 3.18137e+05  0.819  1.218  
 9.43387e-01 9.99615e-01 3.15296e+05  0.819  1.218  
 9.43836e-01 9.99623e-01 3.12480e+05  0.819  1.218  
 9.44281e-01 9.99631e-01 3.09691e+05  0.819  1.218  
 9.44722e-01 9.99639e-01 3.06928e+05  0.819  1.218  
 9.45160e-01 9.99647e-01 3.04190e+05  0.819  1.218  
 9.45595e-01 9.99655e-01 3.01477e+05  0.819  1.218  
 9.46025e-01 9.99662e-01 2.98790e+05  0.819  1.218  
 9.46453e-01 9.99669e-01 2.96127e+05  0.819  1.218  
 9.46876e-01 9.99676e-01 2.93488e+05  0.819  1.218  
 9.47296e-01 9.99683e-01 2.90874e+05  0.819  1.218  
 9.47713e-01 9.99690e-01 2.88284e+05  0.819  1.218  
 9.48126e-01 9.99697e-01 2.85717e+05  0.819  1.218  
 9.48536e-01 9.99703e-01 2.83174e+05  0.819  1.218  
 9.48943e-01 9.99710e-01 2.80654e+05  0.819  1.218  
 9.49346e-01 9.99716e-01 2.78158e+05  0.819  1.218  
 9.49745e-01 9.99722e-01 2.75685e+05  0.819  1.218  
 9.50142e-01 9.99728e-01 2.73235e+05  0.819  1.218  
 9.50535e-01 9.99734e-01 2.70808e+05  0.819  1.218  
 9.50924e-01 9.99740e-01 2.68403e+05  0.819  1.218  
 9.51311e-01 9.99745e-01 2.66021e+05  0.819  1.218  
 9.51694e-01 9.99751e-01 2.63662e+05  0.819  1.218  
 9.52075e-01 9.99756e-01 2.61325e+05  0.819  1.218  
 9.52451e-01 9.99762e-01 2.59010e+05  0.819  1.218  
 9.52825e-01 9.99767e-01 2.56717e+05  0.819  1.218  
 9.53196e-01 9.99772e-01 2.54445e+05  0.819  1.218  
 9.53564e-01 9.99777e-01 2.52195e+05  0.819  1.218  
 9.53928e-01 9.99782e-01 2.49967e+05  0.819  1.218  
 9.54289e-01 9.99786e-01 2.47759e+05  0.819  1.218  
 9.54648e-01 9.99791e-01 2.45572e+05  0.819  1.218  
 9.55003e-01 9.99796e-01 2.43405e+05  0.819  1.218  
 9.55356e-01 9.99800e-01 2.41259e+05  0.819  1.218  
 9.55705e-01 9.99804e-01 2.39133e+05  0.819  1.218  
 9.56052e-01 9.99809e-01 2.37026e+05  0.819  1.218  
 9.56395e-01 9.99813e-01 2.34940e+05  0.819  1.218  
 9.56736e-01 9.99817e-01 2.32874e+05  0.819  1.218  
 9.57074e-01 9.99821e-01 2.30827e+05  0.819  1.218  
 9.57409e-01 9.99825e-01 2.28799e+05  0.819  1.218  
 9.57741e-01 9.99829e-01 2.26790e+05  0.819  1.218  
 9.58071e-01 9.99832e-01 2.24801e+05  0.819  1.218  
 9.58398e-01 9.99836e-01 2.22830e+05  0.819  1.218  
 9.58722e-01 9.99839e-01 2.20878e+05  0.819  1.218  
 9.59043e-01 9.99843e-01 2.18945e+05  0.819  1.218  
 9.59361e-01 9.99846e-01 2.17029e+05  0.819  1.218  
 9.59677e-01 9.99850e-01 2.15133e+05  0.819  1.218  
 9.59990e-01 9.99853e-01 2.13254e+05  0.819  1.218  
 9.60301e-01 9.99856e-01 2.11393e+05  0.819  1.218  
 9.60609e-01 9.99859e-01 2.09550e+05  0.819  1.218  
 9.60914e-01 9.99862e-01 2.07724e+05  0.819  1.218  
 9.61217e-01 9.99865e-01 2.05916e+05  0.819  1.218  
 9.61517e-01 9.99868e-01 2.04126e+05  0.819  1.218  
 9.61815e-01 9.99871e-01 2.02352e+05  0.819  1.218  
 9.62110e-01 9.99874e-01 2.00596e+05  0.819  1.218  
 9.62402e-01 9.99877e-01 1.98856e+05  0.819  1.218  
 9.62692e-01 9.99880e-01 1.97134e+05  0.819  1.218  
 9.62980e-01 9.99882e-01 1.95428e+05  0.819  1.218  
 9.63265e-01 9.99885e-01 1.93738e+05  0.819  1.218  
 9.63548e-01 9.99887e-01 1.92065e+05  0.819  1.218  
 9.63829e-01 9.99890e-01 1.90408e+05  0.819  1.218  
 9.64107e-01 9.99892e-01 1.88767e+05  0.819  1.218  
 9.64383e-01 9.99895e-01 1.87142e+05  0.819  1.218  
 9.64656e-01 9.99897e-01 1.85533e+05  0.819  1.218  
 9.64928e-01 9.99899e-01 1.83940e+05  0.819  1.218  
 9.65196e-01 9.99901e-01 1.82362e+05  0.819  1.218  
 9.65463e-01 9.99904e-01 1.80800e+05  0.819  1.218  
 9.65727e-01 9.99906e-01 1.79253e+05  0.819  1.218  
 9.65990e-01 9.99908e-01 1.77721e+05  0.819  1.218  
 9.66249e-01 9.99910e-01 1.76204e+05  0.819  1.218  
 9.66507e-01 9.99912e-01 1.74702e+05  0.819  1.218  
 9.66763e-01 9.99914e-01 1.73215e+05  0.819  1.218  
 9.67016e-01 9.99916e-01 1.71743e+05  0.819  1.218  
 9.67268e-01 9.99917e-01 1.70285e+05  0.819  1.218  
 9.67517e-01 9.99919e-01 1.68842e+05  0.819  1.218  
 9.67764e-01 9.99921e-01 1.67413e+05  0.819  1.218  
 9.68009e-01 9.99923e-01 1.65998e+05  0.819  1.218  
 9.68252e-01 9.99925e-01 1.64597e+05  0.819  1.218  
 9.68493e-01 9.99926e-01 1.63210e+05  0.819  1.218  
 9.68732e-01 9.99928e-01 1.61837e+05  0.819  1.218  
 9.68969e-01 9.99929e-01 1.60478e+05  0.819  1.218  
 9.69203e-01 9.99931e-01 1.59132e+05  0.819  1.218  
 9.69436e-01 9.99932e-01 1.57800e+05  0.819  1.218  
 9.69667e-01 9.99934e-01 1.56481e+05  0.819  1.218  
 9.69896e-01 9.99935e-01 1.55175e+05  0.819  1.218  
 9.70124e-01 9.99937e-01 1.53882e+05  0.819  1.218  
 9.70349e-01 9.99938e-01 1.52602e+05  0.819  1.218  
 9.70572e-01 9.99940e-01 1.51335e+05  0.819  1.218  
 9.70794e-01 9.99941e-01 1.50081e+05  0.819  1.218  
 9.71013e-01 9.99942e-01 1.48839e+05  0.819  1.218  
 9.71231e-01 9.99944e-01 1.47610e+05  0.819  1.218  
 9.71447e-01 9.99945e-01 1.46393e+05  0.819  1.218  
 9.71661e-01 9.99946e-01 1.45188e+05  0.819  1.218  
 9.71874e-01 9.99947e-01 1.43995e+05  0.819  1.218  
 9.72085e-01 9.99948e-01 1.42814e+05  0.819  1.218  
 9.72294e-01 9.99950e-01 1.41645e+05  0.819  1.218  
 9.72501e-01 9.99951e-01 1.40488e+05  0.819  1.218  
 9.72706e-01 9.99952e-01 1.39342e+05  0.819  1.218  
 9.72910e-01 9.99953e-01 1.38208e+05  0.819  1.218  
 9.73112e-01 9.99954e-01 1.37085e+05  0.819  1.218  
 9.73313e-01 9.99955e-01 1.35973e+05  0.819  1.218  
 9.73511e-01 9.99956e-01 1.34873e+05  0.819  1.218  
 9.73709e-01 9.99957e-01 1.33783e+05  0.819  1.218  
 9.73904e-01 9.99958e-01 1.32704e+05  0.819  1.218  
 9.74098e-01 9.99959e-01 1.31635e+05  0.819  1.218  
 9.74290e-01 9.99960e-01 1.30577e+05  0.819  1.218  
 9.74481e-01 9.99961e-01 1.29529e+05  0.819  1.218  
 9.74670e-01 9.99961e-01 1.28492e+05  0.819  1.218  
 9.74858e-01 9.99962e-01 1.27464e+05  0.819  1.218  
 9.75044e-01 9.99963e-01 1.26447e+05  0.819  1.218  
 9.75229e-01 9.99964e-01 1.25439e+05  0.819  1.218  
 9.75412e-01 9.99965e-01 1.24441e+05  0.819  1.218  
 9.75593e-01 9.99966e-01 1.23453e+05  0.819  1.218  
 9.75773e-01 9.99966e-01 1.22474e+05  0.819  1.218  
 9.75952e-01 9.99967e-01 1.21504e+05  0.819  1.218  
 9.76129e-01 9.99968e-01 1.20544e+05  0.819  1.218  
 9.76305e-01 9.99968e-01 1.19592e+05  0.819  1.218  
 9.76479e-01 9.99969e-01 1.18650e+05  0.819  1.218  
 9.76652e-01 9.99970e-01 1.17716e+05  0.819  1.218  
 9.76824e-01 9.99971e-01 1.16790e+05  0.819  1.218  
 9.76994e-01 9.99971e-01 1.15873e+05  0.819  1.218  
 9.77163e-01 9.99972e-01 1.14965e+05  0.819  1.218  
 9.77330e-01 9.99972e-01 1.14064e+05  0.819  1.218  
 9.77496e-01 9.99973e-01 1.13172e+05  0.819  1.218  
 9.77661e-01 9.99974e-01 1.12287e+05  0.819  1.218  
 9.77824e-01 9.99974e-01 1.11410e+05  0.819  1.218  
 9.77986e-01 9.99975e-01 1.10541e+05  0.819  1.218  
 9.78147e-01 9.99975e-01 1.09679e+05  0.819  1.218  
 9.78306e-01 9.99976e-01 1.08825e+05  0.819  1.218  
 9.78464e-01 9.99976e-01 1.07978e+05  0.819  1.218  
 9.78621e-01 9.99977e-01 1.07138e+05  0.819  1.218  
 9.78777e-01 9.99978e-01 1.06305e+05  0.819  1.218  
 9.78931e-01 9.99978e-01 1.05479e+05  0.819  1.218  
 9.79084e-01 9.99979e-01 1.04660e+05  0.819  1.218  
 9.79236e-01 9.99979e-01 1.03848e+05  0.819  1.218  
 9.79387e-01 9.99979e-01 1.03042e+05  0.819  1.218  
 9.79536e-01 9.99980e-01 1.02242e+05  0.819  1.218  
 9.79685e-01 9.99980e-01 1.01449e+05  0.819  1.218  
 9.79832e-01 9.99981e-01 1.00661e+05  0.819  1.218  
 9.79977e-01 9.99981e-01 9.98804e+04  0.819  1.218  
 9.80122e-01 9.99982e-01 9.91053e+04  0.819  1.218  
 9.80266e-01 9.99982e-01 9.83362e+04  0.819  1.218  
 9.80408e-01 9.99982e-01 9.75728e+04  0.819  1.218  
 9.80549e-01 9.99983e-01 9.68151e+04  0.819  1.218  
 9.80689e-01 9.99983e-01 9.60631e+04  0.819  1.218  
 9.80828e-01 9.99984e-01 9.53165e+04  0.819  1.218  
 9.80966e-01 9.99984e-01 9.45755e+04  0.819  1.218  
 9.81103e-01 9.99984e-01 9.38398e+04  0.819  1.218  
 9.81238e-01 9.99985e-01 9.31094e+04  0.819  1.218  
 9.81373e-01 9.99985e-01 9.23842e+04  0.819  1.218  
 9.81506e-01 9.99985e-01 9.16642e+04  0.819  1.218  
 9.81638e-01 9.99986e-01 9.09493e+04  0.819  1.218  
 9.81769e-01 9.99986e-01 9.02394e+04  0.819  1.218  
 9.81900e-01 9.99986e-01 8.95344e+04  0.819  1.218  
 9.82029e-01 9.99987e-01 8.88344e+04  0.819  1.218  
 9.82157e-01 9.99987e-01 8.81392e+04  0.819  1.218  
 9.82284e-01 9.99987e-01 8.74489e+04  0.819  1.218  
 9.82410e-01 9.99988e-01 8.67634e+04  0.819  1.218  
 9.82535e-01 9.99988e-01 8.60826e+04  0.819  1.218  
 9.82659e-01 9.99988e-01 8.54066e+04  0.819  1.218  
 9.82781e-01 9.99988e-01 8.47352e+04  0.819  1.218  
 9.82903e-01 9.99989e-01 8.40686e+04  0.819  1.218  
 9.83024e-01 9.99989e-01 8.34066e+04  0.819  1.218  
 9.83144e-01 9.99989e-01 8.27493e+04  0.819  1.218  
 9.83263e-01 9.99989e-01 8.20967e+04  0.819  1.218  
 9.83381e-01 9.99990e-01 8.14487e+04  0.819  1.218  
 9.83498e-01 9.99990e-01 8.08053e+04  0.819  1.218  
 9.83614e-01 9.99990e-01 8.01665e+04  0.819  1.218  
 9.83729e-01 9.99990e-01 7.95323e+04  0.819  1.218  
 9.83843e-01 9.99990e-01 7.89028e+04  0.819  1.218  
 9.83956e-01 9.99991e-01 7.82778e+04  0.819  1.218  
 9.84068e-01 9.99991e-01 7.76574e+04  0.819  1.218  
 9.84179e-01 9.99991e-01 7.70417e+04  0.819  1.218  
 9.84290e-01 9.99991e-01 7.64306e+04  0.819  1.218  
 9.84399e-01 9.99992e-01 7.58241e+04  0.819  1.218  
 9.84507e-01 9.99992e-01 7.52223e+04  0.819  1.218  
 9.84615e-01 9.99992e-01 7.46251e+04  0.819  1.218  
 9.84722e-01 9.99992e-01 7.40327e+04  0.819  1.218  
 9.84827e-01 9.99992e-01 7.34449e+04  0.819  1.218  
 9.84932e-01 9.99992e-01 7.28618e+04  0.819  1.218  
 9.85036e-01 9.99993e-01 7.22835e+04  0.819  1.218  
 9.85139e-01 9.99993e-01 7.17099e+04  0.819  1.218  
 9.85241e-01 9.99993e-01 7.11411e+04  0.819  1.218  
 9.85343e-01 9.99993e-01 7.05770e+04  0.819  1.218  
 9.85443e-01 9.99993e-01 7.00177e+04  0.819  1.218  
 9.85543e-01 9.99993e-01 6.94632e+04  0.819  1.218  
 9.85642e-01 9.99994e-01 6.89135e+04  0.819  1.218  
 9.85740e-01 9.99994e-01 6.83686e+04  0.819  1.218  
 9.85837e-01 9.99994e-01 6.78285e+04  0.819  1.218  
 9.85934e-01 9.99994e-01 6.72933e+04  0.819  1.218  
 9.86029e-01 9.99994e-01 6.67628e+04  0.819  1.218  
 9.86124e-01 9.99994e-01 6.62372e+04  0.819  1.218  
 9.86218e-01 9.99994e-01 6.57165e+04  0.819  1.218  
 9.86311e-01 9.99994e-01 6.52006e+04  0.819  1.218  
 9.86404e-01 9.99995e-01 6.46896e+04  0.819  1.218  
 9.86495e-01 9.99995e-01 6.41834e+04  0.819  1.218  
 9.86586e-01 9.99995e-01 6.36820e+04  0.819  1.218  
 9.86676e-01 9.99995e-01 6.31856e+04  0.819  1.218  
 9.86765e-01 9.99995e-01 6.26939e+04  0.819  1.218  
 9.86854e-01 9.99995e-01 6.22071e+04  0.819  1.218  
 9.86942e-01 9.99995e-01 6.17252e+04  0.819  1.218  
 9.87029e-01 9.99995e-01 6.12481e+04  0.819  1.218  
 9.87116e-01 9.99996e-01 6.07758e+04  0.819  1.218  
 9.87201e-01 9.99996e-01 6.03083e+04  0.819  1.218  
 9.87286e-01 9.99996e-01 5.98456e+04  0.819  1.218  
 9.87371e-01 9.99996e-01 5.93876e+04  0.819  1.218  
 9.87454e-01 9.99996e-01 5.89344e+04  0.819  1.218  
 9.87537e-01 9.99996e-01 5.84860e+04  0.819  1.218  
 9.87619e-01 9.99996e-01 5.80423e+04  0.819  1.218  
 9.87701e-01 9.99996e-01 5.76033e+04  0.819  1.218  
 9.87781e-01 9.99996e-01 5.71690e+04  0.819  1.218  
 9.87862e-01 9.99996e-01 5.67393e+04  0.819  1.218  
 9.87941e-01 9.99996e-01 5.63143e+04  0.819  1.218  
 9.88020e-01 9.99997e-01 5.58939e+04  0.819  1.218  
 9.88098e-01 9.99997e-01 5.54782e+04  0.819  1.218  
 9.88176e-01 9.99997e-01 5.50669e+04  0.819  1.218  
 9.88253e-01 9.99997e-01 5.46603e+04  0.819  1.218  
 9.88329e-01 9.99997e-01 5.42581e+04  0.819  1.218  
 9.88405e-01 9.99997e-01 5.38604e+04  0.819  1.218  
 9.88480e-01 9.99997e-01 5.34672e+04  0.819  1.218  
 9.88555e-01 9.99997e-01 5.30784e+04  0.819  1.218  
 9.88629e-01 9.99997e-01 5.26939e+04  0.819  1.218  
 9.88702e-01 9.99997e-01 5.23138e+04  0.819  1.218  
 9.88775e-01 9.99997e-01 5.19380e+04  0.819  1.218  
 9.88847e-01 9.99997e-01 5.15664e+04  0.819  1.218  
 9.88918e-01 9.99997e-01 5.11991e+04  0.819  1.218  
 9.88989e-01 9.99997e-01 5.08360e+04  0.819  1.218  
 9.89060e-01 9.99997e-01 5.04770e+04  0.819  1.218  
 9.89130e-01 9.99998e-01 5.01221e+04  0.819  1.218  
 9.89199e-01 9.99998e-01 4.97713e+04  0.819  1.218  
 9.89268e-01 9.99998e-01 4.94246e+04  0.819  1.218  
 9.89336e-01 9.99998e-01 4.90818e+04  0.819  1.218  
 9.89404e-01 9.99998e-01 4.87430e+04  0.819  1.218  
 9.89471e-01 9.99998e-01 4.84081e+04  0.819  1.218  
 9.89538e-01 9.99998e-01 4.80771e+04  0.819  1.218  
 9.89604e-01 9.99998e-01 4.77499e+04  0.819  1.218  
 9.89669e-01 9.99998e-01 4.74265e+04  0.819  1.218  
 9.89735e-01 9.99998e-01 4.71069e+04  0.819  1.218  
 9.89799e-01 9.99998e-01 4.67909e+04  0.819  1.218  
 9.89864e-01 9.99998e-01 4.64785e+04  0.819  1.218  
 9.89927e-01 9.99998e-01 4.61698e+04  0.819  1.218  
 9.89990e-01 9.99998e-01 4.58646e+04  0.819  1.218  
 9.90053e-01 9.99998e-01 4.55628e+04  0.819  1.218  
 9.90115e-01 9.99998e-01 4.52646e+04  0.819  1.218  
 9.90177e-01 9.99998e-01 4.49697e+04  0.819  1.218  
 9.90239e-01 9.99998e-01 4.46782e+04  0.819  1.218  
 9.90299e-01 9.99998e-01 4.43900e+04  0.819  1.218  
 9.90360e-01 9.99998e-01 4.41051e+04  0.819  1.218  
 9.90420e-01 9.99998e-01 4.38234e+04  0.819  1.218  
 9.90479e-01 9.99998e-01 4.35449e+04  0.819  1.218  
 9.90538e-01 9.99998e-01 4.32695e+04  0.819  1.218  
 9.90597e-01 9.99999e-01 4.29972e+04  0.819  1.218  
 9.90655e-01 9.99999e-01 4.27280e+04  0.819  1.218  
 9.90713e-01 9.99999e-01 4.24618e+04  0.819  1.218  
 9.90771e-01 9.99999e-01 4.21985e+04  0.819  1.218  
 9.90828e-01 9.99999e-01 4.19382e+04  0.819  1.218  
 9.90884e-01 9.99999e-01 4.16807e+04  0.819  1.218  
 9.90940e-01 9.99999e-01 4.14260e+04  0.819  1.218  
 9.90996e-01 9.99999e-01 4.11741e+04  0.819  1.218  
 9.91051e-01 9.99999e-01 4.09250e+04  0.819  1.218  
 9.91107e-01 9.99999e-01 4.06785e+04  0.819  1.218  
 9.91161e-01 9.99999e-01 4.04346e+04  0.819  1.218  
 9.91215e-01 9.99999e-01 4.01933e+04  0.819  1.218  
 9.91269e-01 9.99999e-01 3.99546e+04  0.819  1.218  
 9.91323e-01 9.99999e-01 3.97184e+04  0.819  1.218  
 9.91376e-01 9.99999e-01 3.94847e+04  0.819  1.218  
 9.91429e-01 9.99999e-01 3.92535e+04  0.819  1.218  
 9.91481e-01 9.99999e-01 3.90246e+04  0.819  1.218  
 9.91533e-01 9.99999e-01 3.87981e+04  0.819  1.218  
 9.91585e-01 9.99999e-01 3.85740e+04  0.819  1.218  
 9.91636e-01 9.99999e-01 3.83522e+04  0.819  1.218  
 9.91687e-01 9.99999e-01 3.81326e+04  0.819  1.218  
 9.91738e-01 9.99999e-01 3.79152e+04  0.819  1.218  
 9.91788e-01 9.99999e-01 3.77000e+04  0.819  1.218  
 9.91838e-01 9.99999e-01 3.74870e+04  0.819  1.218  
 9.91887e-01 9.99999e-01 3.72761e+04  0.819  1.218  
 9.91937e-01 9.99999e-01 3.70673e+04  0.819  1.218  
 9.91985e-01 9.99999e-01 3.68605e+04  0.819  1.218  
 9.92034e-01 9.99999e-01 3.66557e+04  0.819  1.218  
 9.92082e-01 9.99999e-01 3.64529e+04  0.819  1.218  
 9.92130e-01 9.99999e-01 3.62521e+04  0.819  1.218  
 9.92178e-01 9.99999e-01 3.60532e+04  0.819  1.218  
 9.92225e-01 9.99999e-01 3.58562e+04  0.819  1.218  
 9.92273e-01 9.99999e-01 3.56610e+04  0.819  1.218  
 9.92319e-01 9.99999e-01 3.54677e+04  0.819  1.218  
 9.92366e-01 9.99999e-01 3.52763e+04  0.819  1.218  
 9.92412e-01 9.99999e-01 3.50866e+04  0.819  1.218  
 9.92457e-01 9.99999e-01 3.48987e+04  0.819  1.218  
 9.92503e-01 9.99999e-01 3.47125e+04  0.819  1.218  
 9.92548e-01 9.99999e-01 3.45281e+04  0.819  1.218  
 9.92593e-01 9.99999e-01 3.43454e+04  0.819  1.218  
 9.92638e-01 9.99999e-01 3.41643e+04  0.819  1.218  
 9.92682e-01 9.99999e-01 3.39849e+04  0.819  1.218  
 9.92726e-01 9.99999e-01 3.38071e+04  0.819  1.218  
 9.92770e-01 9.99999e-01 3.36309e+04  0.819  1.218  
 9.92814e-01 9.99999e-01 3.34563e+04  0.819  1.218  
 9.92857e-01 9.99999e-01 3.32832e+04  0.819  1.218  
 9.92900e-01 9.99999e-01 3.31117e+04  0.819  1.218  
 9.92985e-01 1.00000e+00 3.27733e+04  0.819  1.218  
 9.93069e-01 1.00000e+00 3.24408e+04  0.819  1.218  
 9.93152e-01 1.00000e+00 3.21142e+04  0.819  1.218  
 9.93234e-01 1.00000e+00 3.17933e+04  0.819  1.218  
 9.93315e-01 1.00000e+00 3.14779e+04  0.819  1.218  
 9.93395e-01 1.00000e+00 3.11680e+04  0.819  1.218  
 9.93474e-01 1.00000e+00 3.08634e+04  0.819  1.218  
 9.93552e-01 1.00000e+00 3.05640e+04  0.819  1.218  
 9.93630e-01 1.00000e+00 3.02697e+04  0.819  1.218  
 9.93706e-01 1.00000e+00 2.99804e+04  0.819  1.218  
 9.93781e-01 1.00000e+00 2.96959e+04  0.819  1.218  
 9.93856e-01 1.00000e+00 2.94163e+04  0.819  1.218  
 9.93929e-01 1.00000e+00 2.91414e+04  0.819  1.218  
 9.94002e-01 1.00000e+00 2.88712e+04  0.819  1.218  
 9.94074e-01 1.00000e+00 2.86054e+04  0.819  1.218  
 9.94180e-01 1.00000e+00 2.82151e+04  0.819  1.218  
 9.94285e-01 1.00000e+00 2.78345e+04  0.819  1.218  
 9.94387e-01 1.00000e+00 2.74633e+04  0.819  1.218  
 9.94488e-01 1.00000e+00 2.71013e+04  0.819  1.218  
 9.94587e-01 1.00000e+00 2.67482e+04  0.819  1.218  
 9.94685e-01 1.00000e+00 2.64036e+04  0.819  1.218  
 9.94813e-01 1.00000e+00 2.59572e+04  0.819  1.218  
 9.94937e-01 1.00000e+00 2.55249e+04  0.819  1.218  
 9.95060e-01 1.00000e+00 2.51062e+04  0.819  1.218  
 9.95209e-01 1.00000e+00 2.46010e+04  0.819  1.218  
 9.95354e-01 1.00000e+00 2.41151e+04  0.819  1.218  
 9.95523e-01 1.00000e+00 2.35558e+04  0.819  1.218  
 9.95714e-01 1.00000e+00 2.29340e+04  0.819  1.218  
 9.95924e-01 1.00000e+00 2.22607e+04  0.819  1.218  
 9.96151e-01 1.00000e+00 2.15466e+04  0.819  1.218  
 9.96438e-01 1.00000e+00 2.06590e+04  0.819  1.218  
 9.96795e-01 1.00000e+00 1.95751e+04  0.819  1.218  
 9.97337e-01 1.00000e+00 1.79600e+04  0.819  1.218  
 9.97530e-01 1.00000e+00 1.73968e+04  0.819  1.218  
