   age(Myr)     LI7    Be9 
    0.020  3.301  1.440  
    0.020  3.301  1.440  
    0.030  3.301  1.440  
    0.030  3.301  1.440  
    0.040  3.301  1.440  
    0.040  3.301  1.440  
    0.050  3.301  1.440  
    0.050  3.301  1.440  
    0.060  3.301  1.440  
    0.060  3.301  1.440  
    0.070  3.301  1.440  
    0.080  3.301  1.440  
    0.080  3.301  1.440  
    0.090  3.301  1.440  
    0.100  3.301  1.440  
    0.100  3.301  1.440  
    0.110  3.301  1.440  
    0.120  3.301  1.440  
    0.130  3.301  1.440  
    0.130  3.301  1.440  
    0.140  3.301  1.440  
    0.150  3.301  1.440  
    0.160  3.301  1.440  
    0.170  3.301  1.440  
    0.180  3.301  1.440  
    0.190  3.301  1.440  
    0.200  3.301  1.440  
    0.210  3.301  1.440  
    0.220  3.301  1.440  
    0.230  3.301  1.440  
    0.240  3.301  1.440  
    0.260  3.301  1.440  
    0.270  3.301  1.440  
    0.280  3.301  1.440  
    0.290  3.301  1.440  
    0.310  3.301  1.440  
    0.320  3.301  1.440  
    0.340  3.301  1.440  
    0.350  3.301  1.440  
    0.370  3.301  1.440  
    0.380  3.301  1.440  
    0.400  3.301  1.440  
    0.420  3.301  1.440  
    0.440  3.301  1.440  
    0.460  3.301  1.440  
    0.470  3.301  1.440  
    0.490  3.301  1.440  
    0.520  3.301  1.440  
    0.540  3.301  1.440  
    0.560  3.301  1.440  
    0.580  3.301  1.440  
    0.610  3.301  1.440  
    0.630  3.301  1.440  
    0.660  3.301  1.440  
    0.680  3.301  1.440  
    0.710  3.301  1.440  
    0.740  3.301  1.440  
    0.770  3.301  1.440  
    0.800  3.301  1.440  
    0.830  3.301  1.440  
    0.860  3.301  1.440  
    0.900  3.301  1.440  
    0.930  3.301  1.440  
    0.970  3.301  1.440  
    1.000  3.300  1.440  
    1.040  3.300  1.440  
    1.080  3.300  1.440  
    1.120  3.300  1.440  
    1.160  3.299  1.440  
    1.210  3.299  1.440  
    1.260  3.298  1.440  
    1.300  3.297  1.440  
    1.350  3.296  1.440  
    1.410  3.295  1.440  
    1.460  3.293  1.440  
    1.520  3.291  1.440  
    1.570  3.287  1.440  
    1.630  3.283  1.440  
    1.700  3.278  1.440  
    1.760  3.272  1.440  
    1.830  3.266  1.440  
    1.900  3.258  1.440  
    1.970  3.249  1.440  
    2.000  3.245  1.440  
    2.050  3.238  1.440  
    2.110  3.228  1.440  
    2.190  3.216  1.440  
    2.280  3.203  1.440  
    2.360  3.189  1.440  
    2.450  3.174  1.440  
    2.540  3.158  1.440  
    2.640  3.141  1.439  
    2.730  3.122  1.439  
    2.840  3.102  1.439  
    2.940  3.082  1.439  
    3.050  3.060  1.439  
    3.160  3.037  1.439  
    3.270  3.013  1.439  
    3.390  2.989  1.439  
    3.510  2.962  1.439  
    3.640  2.937  1.439  
    3.760  2.909  1.439  
    3.900  2.880  1.439  
    4.030  2.851  1.439  
    4.170  2.821  1.438  
    4.320  2.792  1.438  
    4.460  2.761  1.438  
    4.620  2.729  1.438  
    4.770  2.697  1.438  
    4.930  2.662  1.438  
    5.000  2.648  1.438  
    5.100  2.627  1.438  
    5.260  2.596  1.438  
    5.430  2.563  1.438  
    5.600  2.529  1.438  
    5.780  2.497  1.438  
    5.970  2.463  1.437  
    6.160  2.431  1.437  
    6.350  2.399  1.437  
    6.540  2.367  1.437  
    6.750  2.336  1.437  
    6.950  2.306  1.437  
    7.160  2.277  1.437  
    7.370  2.249  1.437  
    7.590  2.220  1.437  
    7.810  2.193  1.437  
    8.030  2.168  1.437  
    8.260  2.142  1.437  
    8.490  2.117  1.437  
    8.720  2.095  1.436  
    8.960  2.072  1.436  
    9.210  2.051  1.436  
    9.450  2.030  1.436  
    9.700  2.011  1.436  
    9.950  1.993  1.436  
   10.000  1.989  1.436  
   10.070  1.984  1.436  
   10.180  1.976  1.436  
   10.350  1.964  1.436  
   10.590  1.949  1.436  
   10.850  1.934  1.436  
   11.120  1.920  1.436  
   11.390  1.907  1.436  
   11.660  1.894  1.436  
   11.930  1.883  1.436  
   12.210  1.872  1.436  
   12.480  1.863  1.436  
   12.760  1.854  1.436  
   13.040  1.846  1.436  
   13.330  1.837  1.436  
   13.610  1.830  1.436  
   13.900  1.824  1.436  
   14.190  1.817  1.436  
   14.480  1.812  1.436  
   14.770  1.807  1.436  
   15.060  1.802  1.436  
   15.360  1.798  1.436  
   15.650  1.794  1.436  
   15.950  1.791  1.436  
   16.240  1.788  1.436  
   16.540  1.785  1.436  
   16.840  1.782  1.436  
   17.140  1.780  1.436  
   17.440  1.778  1.436  
   17.740  1.776  1.436  
   18.040  1.775  1.436  
   18.340  1.773  1.436  
   18.640  1.772  1.436  
   18.940  1.771  1.436  
   19.240  1.770  1.436  
   19.550  1.769  1.436  
   19.850  1.768  1.436  
   20.100  1.767  1.436  
   20.380  1.767  1.436  
   20.680  1.766  1.436  
   20.990  1.766  1.436  
   21.290  1.765  1.436  
   21.600  1.765  1.436  
   21.910  1.765  1.436  
   22.110  1.764  1.436  
   22.210  1.764  1.436  
   22.370  1.764  1.436  
   22.610  1.764  1.436  
   22.920  1.764  1.436  
   23.230  1.764  1.436  
   23.550  1.763  1.436  
   23.860  1.763  1.436  
   24.170  1.763  1.436  
   24.490  1.763  1.436  
   24.800  1.763  1.436  
   25.120  1.763  1.436  
   25.440  1.763  1.436  
   25.760  1.763  1.436  
   26.090  1.763  1.436  
   26.370  1.763  1.436  
   26.610  1.763  1.436  
   26.830  1.763  1.436  
   27.020  1.763  1.436  
   27.190  1.763  1.436  
   27.360  1.763  1.436  
   27.510  1.763  1.436  
   27.660  1.763  1.436  
   27.800  1.763  1.436  
   27.930  1.763  1.436  
   28.070  1.763  1.436  
   28.200  1.763  1.436  
   28.340  1.763  1.436  
   28.470  1.763  1.436  
   28.580  1.763  1.436  
   28.650  1.763  1.436  
   28.720  1.763  1.436  
   28.790  1.763  1.436  
   28.860  1.763  1.436  
   28.930  1.763  1.436  
   29.010  1.763  1.436  
   29.090  1.763  1.436  
   29.180  1.763  1.436  
   29.310  1.763  1.436  
   29.460  1.763  1.436  
   29.550  1.763  1.436  
   29.650  1.763  1.436  
   29.780  1.763  1.436  
   29.960  1.763  1.436  
   30.150  1.763  1.436  
   30.350  1.763  1.436  
   30.560  1.763  1.436  
   30.760  1.763  1.436  
   30.940  1.763  1.436  
   31.040  1.763  1.436  
   31.110  1.763  1.436  
   31.210  1.763  1.436  
   31.350  1.763  1.436  
   31.580  1.763  1.436  
   31.810  1.763  1.436  
   32.100  1.763  1.436  
   32.390  1.763  1.436  
   32.620  1.763  1.436  
   32.840  1.763  1.436  
   33.140  1.763  1.436  
   33.560  1.763  1.435  
   34.050  1.763  1.435  
   34.550  1.763  1.435  
   35.070  1.763  1.435  
   35.630  1.763  1.435  
   36.240  1.762  1.435  
   36.930  1.762  1.435  
   37.760  1.762  1.435  
   38.830  1.762  1.435  
   40.410  1.762  1.435  
   42.000  1.762  1.435  
  156.410  1.723  1.432  
  234.570  1.692  1.429  
  300.200  1.665  1.428  
  375.840  1.635  1.425  
  456.480  1.605  1.422  
  549.290  1.572  1.418  
  643.670  1.541  1.414  
  748.500  1.507  1.409  
  830.830  1.482  1.405  
  905.800  1.460  1.401  
 1018.250  1.428  1.394  
 1141.360  1.395  1.387  
 1202.910  1.379  1.384  
 1233.680  1.371  1.382  
 1279.850  1.360  1.380  
 1343.220  1.344  1.376  
 1430.240  1.323  1.371  
 1532.360  1.299  1.365  
 1658.910  1.271  1.358  
 1747.300  1.252  1.353  
 1855.880  1.230  1.347  
 1910.180  1.219  1.344  
 1937.330  1.214  1.343  
 1966.250  1.207  1.341  
 2009.640  1.199  1.339  
 2057.860  1.189  1.336  
 2105.970  1.180  1.334  
 2162.660  1.168  1.331  
 2247.680  1.152  1.326  
 2371.550  1.130  1.319  
 2494.870  1.108  1.313  
 2617.680  1.087  1.307  
 2735.990  1.067  1.301  
 2857.780  1.048  1.294  
 2952.350  1.033  1.290  
 3049.430  1.018  1.285  
 3111.770  1.009  1.282  
 3145.370  1.003  1.280  
 3195.760  0.996  1.278  
 3271.350  0.985  1.274  
 3384.740  0.969  1.269  
 3478.040  0.955  1.264  
 3586.600  0.941  1.259  
 3702.830  0.925  1.254  
 3788.390  0.913  1.250  
 3843.860  0.906  1.248  
 3882.650  0.900  1.246  
 3926.300  0.895  1.244  
 3991.240  0.886  1.241  
 4060.040  0.878  1.238  
 4140.860  0.868  1.234  
 4255.740  0.854  1.229  
 4369.950  0.841  1.224  
 4483.550  0.827  1.219  
 4570.000  0.817  1.216  
    0.000  0.000  0.000  
