   age(Myr)     LI7    Be9 
    0.020  3.301  1.440  
    0.020  3.301  1.440  
    0.030  3.301  1.440  
    0.030  3.301  1.440  
    0.040  3.301  1.440  
    0.040  3.301  1.440  
    0.050  3.301  1.440  
    0.050  3.301  1.440  
    0.060  3.301  1.440  
    0.060  3.301  1.440  
    0.070  3.301  1.440  
    0.080  3.301  1.440  
    0.080  3.301  1.440  
    0.090  3.301  1.440  
    0.100  3.301  1.440  
    0.100  3.301  1.440  
    0.110  3.301  1.440  
    0.120  3.301  1.440  
    0.130  3.301  1.440  
    0.130  3.301  1.440  
    0.140  3.301  1.440  
    0.150  3.301  1.440  
    0.160  3.301  1.440  
    0.170  3.301  1.440  
    0.180  3.301  1.440  
    0.190  3.301  1.440  
    0.200  3.301  1.440  
    0.210  3.301  1.440  
    0.220  3.301  1.440  
    0.230  3.301  1.440  
    0.240  3.301  1.440  
    0.260  3.301  1.440  
    0.270  3.301  1.440  
    0.280  3.301  1.440  
    0.290  3.301  1.440  
    0.310  3.301  1.440  
    0.320  3.301  1.440  
    0.340  3.301  1.440  
    0.350  3.301  1.440  
    0.370  3.301  1.440  
    0.380  3.301  1.440  
    0.400  3.301  1.440  
    0.420  3.301  1.440  
    0.440  3.301  1.440  
    0.450  3.301  1.440  
    0.470  3.301  1.440  
    0.490  3.301  1.440  
    0.510  3.301  1.440  
    0.540  3.301  1.440  
    0.560  3.301  1.440  
    0.580  3.301  1.440  
    0.610  3.301  1.440  
    0.630  3.301  1.440  
    0.660  3.301  1.440  
    0.680  3.301  1.440  
    0.710  3.301  1.440  
    0.740  3.301  1.440  
    0.770  3.301  1.440  
    0.800  3.301  1.440  
    0.830  3.301  1.440  
    0.860  3.301  1.440  
    0.900  3.301  1.440  
    0.930  3.301  1.440  
    0.970  3.301  1.440  
    1.000  3.300  1.440  
    1.040  3.300  1.440  
    1.080  3.300  1.440  
    1.120  3.300  1.440  
    1.160  3.299  1.440  
    1.210  3.299  1.440  
    1.260  3.298  1.440  
    1.300  3.297  1.440  
    1.350  3.296  1.440  
    1.410  3.295  1.440  
    1.460  3.293  1.440  
    1.520  3.291  1.440  
    1.570  3.287  1.440  
    1.630  3.283  1.440  
    1.700  3.278  1.440  
    1.760  3.272  1.440  
    1.830  3.265  1.440  
    1.900  3.257  1.440  
    1.970  3.248  1.440  
    2.000  3.244  1.440  
    2.050  3.238  1.440  
    2.110  3.228  1.440  
    2.190  3.216  1.440  
    2.280  3.202  1.440  
    2.360  3.188  1.440  
    2.450  3.173  1.440  
    2.540  3.157  1.440  
    2.640  3.139  1.440  
    2.730  3.120  1.439  
    2.840  3.100  1.439  
    2.940  3.080  1.439  
    3.050  3.058  1.439  
    3.160  3.034  1.439  
    3.270  3.011  1.439  
    3.390  2.986  1.439  
    3.510  2.959  1.439  
    3.640  2.933  1.439  
    3.760  2.906  1.439  
    3.900  2.877  1.439  
    4.030  2.848  1.439  
    4.170  2.817  1.438  
    4.320  2.788  1.438  
    4.460  2.757  1.438  
    4.620  2.724  1.438  
    4.770  2.692  1.438  
    4.930  2.659  1.438  
    5.000  2.644  1.438  
    5.100  2.624  1.438  
    5.260  2.592  1.438  
    5.430  2.558  1.438  
    5.610  2.523  1.438  
    5.790  2.491  1.438  
    5.970  2.456  1.437  
    6.160  2.423  1.437  
    6.350  2.393  1.437  
    6.550  2.362  1.437  
    6.750  2.331  1.437  
    6.950  2.300  1.437  
    7.160  2.270  1.437  
    7.370  2.243  1.437  
    7.590  2.213  1.437  
    7.810  2.186  1.437  
    8.030  2.160  1.437  
    8.260  2.135  1.437  
    8.490  2.110  1.437  
    8.730  2.087  1.437  
    8.960  2.066  1.436  
    9.210  2.044  1.436  
    9.450  2.023  1.436  
    9.700  2.004  1.436  
    9.950  1.985  1.436  
   10.000  1.982  1.436  
   10.070  1.976  1.436  
   10.180  1.969  1.436  
   10.340  1.958  1.436  
   10.570  1.943  1.436  
   10.830  1.927  1.436  
   11.100  1.913  1.436  
   11.370  1.899  1.436  
   11.640  1.887  1.436  
   11.910  1.876  1.436  
   12.190  1.866  1.436  
   12.460  1.856  1.436  
   12.740  1.847  1.436  
   13.020  1.839  1.436  
   13.310  1.831  1.436  
   13.590  1.824  1.436  
   13.880  1.817  1.436  
   14.170  1.811  1.436  
   14.460  1.806  1.436  
   14.750  1.800  1.436  
   15.040  1.796  1.436  
   15.330  1.791  1.436  
   15.630  1.787  1.436  
   15.920  1.784  1.436  
   16.220  1.781  1.436  
   16.520  1.778  1.436  
   16.820  1.776  1.436  
   17.110  1.773  1.436  
   17.410  1.771  1.436  
   17.710  1.769  1.436  
   18.010  1.768  1.436  
   18.310  1.766  1.436  
   18.620  1.765  1.436  
   18.920  1.764  1.436  
   19.220  1.762  1.436  
   19.520  1.762  1.436  
   19.820  1.761  1.436  
   20.130  1.760  1.436  
   20.430  1.759  1.436  
   20.620  1.759  1.436  
   20.860  1.759  1.436  
   21.160  1.758  1.436  
   21.470  1.758  1.436  
   21.700  1.757  1.436  
   21.830  1.757  1.436  
   22.030  1.757  1.436  
   22.340  1.757  1.436  
   22.640  1.757  1.436  
   22.950  1.756  1.436  
   23.260  1.756  1.436  
   23.570  1.756  1.436  
   23.890  1.756  1.436  
   24.200  1.756  1.436  
   24.520  1.756  1.436  
   24.830  1.756  1.436  
   25.150  1.756  1.436  
   25.470  1.756  1.436  
   25.790  1.756  1.436  
   26.110  1.756  1.436  
   26.390  1.756  1.436  
   26.630  1.756  1.436  
   26.840  1.756  1.436  
   27.030  1.756  1.436  
   27.200  1.756  1.436  
   27.360  1.756  1.436  
   27.520  1.756  1.436  
   27.660  1.756  1.436  
   27.800  1.756  1.436  
   27.940  1.756  1.436  
   28.070  1.756  1.436  
   28.200  1.756  1.436  
   28.340  1.756  1.436  
   28.470  1.756  1.436  
   28.570  1.756  1.436  
   28.640  1.756  1.436  
   28.710  1.756  1.436  
   28.780  1.756  1.436  
   28.880  1.756  1.436  
   28.980  1.756  1.436  
   29.060  1.756  1.436  
   29.160  1.755  1.436  
   29.250  1.755  1.436  
   29.360  1.755  1.436  
   29.450  1.755  1.436  
   29.570  1.755  1.436  
   29.740  1.755  1.436  
   29.920  1.755  1.436  
   30.090  1.755  1.436  
   30.260  1.755  1.436  
   30.470  1.755  1.436  
   30.660  1.755  1.436  
   30.840  1.755  1.436  
   30.940  1.755  1.436  
   31.020  1.755  1.436  
   31.140  1.755  1.436  
   31.320  1.755  1.435  
   31.520  1.755  1.435  
   31.720  1.755  1.435  
   31.990  1.755  1.435  
   32.270  1.755  1.435  
   32.600  1.755  1.435  
   32.900  1.755  1.435  
   33.270  1.755  1.435  
   33.550  1.755  1.435  
   33.950  1.755  1.435  
   34.440  1.755  1.435  
   34.960  1.755  1.435  
   35.500  1.755  1.435  
   36.100  1.755  1.435  
   36.770  1.755  1.435  
   37.570  1.755  1.435  
   38.000  1.755  1.435  
   38.650  1.755  1.435  
   39.620  1.755  1.435  
   41.080  1.755  1.435  
  156.406  1.727  1.432  
  234.563  1.699  1.430  
  299.562  1.677  1.428  
  374.269  1.654  1.427  
  454.320  1.629  1.425  
  543.625  1.602  1.423  
  642.362  1.573  1.420  
  743.536  1.546  1.418  
  811.526  1.528  1.416  
  881.940  1.510  1.414  
  987.561  1.485  1.412  
 1091.840  1.461  1.409  
 1151.511  1.447  1.407  
 1190.276  1.438  1.406  
 1248.423  1.425  1.404  
 1335.643  1.407  1.402  
 1462.885  1.382  1.398  
 1589.641  1.358  1.395  
 1715.965  1.334  1.391  
 1841.841  1.311  1.387  
 1942.343  1.292  1.384  
 2048.515  1.275  1.381  
 2173.163  1.255  1.378  
 2265.618  1.240  1.375  
 2364.546  1.224  1.372  
 2487.941  1.206  1.369  
 2610.786  1.188  1.365  
 2733.118  1.172  1.362  
 2825.557  1.159  1.359  
 2900.564  1.149  1.357  
 3013.075  1.134  1.354  
 3133.600  1.119  1.350  
 3193.863  1.112  1.348  
 3224.040  1.108  1.348  
 3251.463  1.105  1.347  
 3271.212  1.102  1.346  
 3287.777  1.100  1.346  
 3312.624  1.098  1.345  
 3349.895  1.093  1.344  
 3391.234  1.088  1.343  
 3449.820  1.081  1.341  
 3537.698  1.071  1.339  
 3655.719  1.059  1.336  
 3758.846  1.048  1.333  
 3872.510  1.036  1.330  
 3982.752  1.025  1.327  
 4065.142  1.016  1.324  
 4177.919  1.005  1.321  
 4292.550  0.994  1.318  
 4397.107  0.985  1.315  
 4507.248  0.974  1.313  
 4570.000  0.969  1.311  
 4570.000  0.969  1.311  
 4570.000  0.969  1.311  
 4570.000  0.969  1.311  
