   R/R_sun      m/M_sun       T         Li    Be 
 9.75134e-04 1.00192e-07 1.56623e+07 -11  -11   
 9.90218e-04 1.04914e-07 1.56623e+07 -11  -11   
 1.00554e-03 1.09858e-07 1.56623e+07 -11  -11   
 1.02109e-03 1.15036e-07 1.56623e+07 -11  -11   
 1.03689e-03 1.20457e-07 1.56623e+07 -11  -11   
 1.05293e-03 1.26134e-07 1.56623e+07 -11  -11   
 1.06921e-03 1.32079e-07 1.56623e+07 -11  -11   
 1.08575e-03 1.38304e-07 1.56622e+07 -11  -11   
 1.10255e-03 1.44822e-07 1.56622e+07 -11  -11   
 1.11961e-03 1.51647e-07 1.56622e+07 -11  -11   
 1.13693e-03 1.58794e-07 1.56622e+07 -11  -11   
 1.15451e-03 1.66278e-07 1.56622e+07 -11  -11   
 1.17237e-03 1.74114e-07 1.56622e+07 -11  -11   
 1.19051e-03 1.82320e-07 1.56622e+07 -11  -11   
 1.20892e-03 1.90912e-07 1.56621e+07 -11  -11   
 1.22763e-03 1.99910e-07 1.56621e+07 -11  -11   
 1.24662e-03 2.09331e-07 1.56621e+07 -11  -11   
 1.26590e-03 2.19196e-07 1.56621e+07 -11  -11   
 1.28548e-03 2.29527e-07 1.56621e+07 -11  -11   
 1.30537e-03 2.40344e-07 1.56621e+07 -11  -11   
 1.32556e-03 2.51671e-07 1.56620e+07 -11  -11   
 1.34607e-03 2.63532e-07 1.56620e+07 -11  -11   
 1.36689e-03 2.75952e-07 1.56620e+07 -11  -11   
 1.38804e-03 2.88957e-07 1.56620e+07 -11  -11   
 1.40951e-03 3.02575e-07 1.56620e+07 -11  -11   
 1.43132e-03 3.16835e-07 1.56619e+07 -11  -11   
 1.45346e-03 3.31767e-07 1.56619e+07 -11  -11   
 1.47594e-03 3.47403e-07 1.56619e+07 -11  -11   
 1.49878e-03 3.63776e-07 1.56619e+07 -11  -11   
 1.52196e-03 3.80920e-07 1.56618e+07 -11  -11   
 1.54551e-03 3.98872e-07 1.56618e+07 -11  -11   
 1.56942e-03 4.17670e-07 1.56618e+07 -11  -11   
 1.59370e-03 4.37354e-07 1.56618e+07 -11  -11   
 1.61835e-03 4.57966e-07 1.56617e+07 -11  -11   
 1.64339e-03 4.79550e-07 1.56617e+07 -11  -11   
 1.66881e-03 5.02150e-07 1.56617e+07 -11  -11   
 1.69463e-03 5.25816e-07 1.56617e+07 -11  -11   
 1.72084e-03 5.50597e-07 1.56616e+07 -11  -11   
 1.74746e-03 5.76545e-07 1.56616e+07 -11  -11   
 1.77450e-03 6.03717e-07 1.56616e+07 -11  -11   
 1.80195e-03 6.32169e-07 1.56615e+07 -11  -11   
 1.82983e-03 6.61963e-07 1.56615e+07 -11  -11   
 1.85814e-03 6.93160e-07 1.56615e+07 -11  -11   
 1.88688e-03 7.25828e-07 1.56614e+07 -11  -11   
 1.91607e-03 7.60035e-07 1.56614e+07 -11  -11   
 1.94572e-03 7.95854e-07 1.56613e+07 -11  -11   
 1.97582e-03 8.33362e-07 1.56613e+07 -11  -11   
 2.00639e-03 8.72637e-07 1.56613e+07 -11  -11   
 2.03743e-03 9.13763e-07 1.56612e+07 -11  -11   
 2.06895e-03 9.56827e-07 1.56612e+07 -11  -11   
 2.10096e-03 1.00192e-06 1.56611e+07 -11  -11   
 2.13346e-03 1.04914e-06 1.56611e+07 -11  -11   
 2.16647e-03 1.09858e-06 1.56610e+07 -11  -11   
 2.19999e-03 1.15036e-06 1.56610e+07 -11  -11   
 2.23402e-03 1.20457e-06 1.56609e+07 -11  -11   
 2.26859e-03 1.26134e-06 1.56609e+07 -11  -11   
 2.30369e-03 1.32079e-06 1.56608e+07 -11  -11   
 2.33933e-03 1.38304e-06 1.56608e+07 -11  -11   
 2.37552e-03 1.44822e-06 1.56607e+07 -11  -11   
 2.41227e-03 1.51647e-06 1.56606e+07 -11  -11   
 2.44960e-03 1.58794e-06 1.56606e+07 -11  -11   
 2.48750e-03 1.66278e-06 1.56605e+07 -11  -11   
 2.52598e-03 1.74114e-06 1.56604e+07 -11  -11   
 2.56506e-03 1.82320e-06 1.56604e+07 -11  -11   
 2.60475e-03 1.90912e-06 1.56603e+07 -11  -11   
 2.64505e-03 1.99910e-06 1.56602e+07 -11  -11   
 2.68598e-03 2.09331e-06 1.56602e+07 -11  -11   
 2.72754e-03 2.19196e-06 1.56601e+07 -11  -11   
 2.76974e-03 2.29527e-06 1.56600e+07 -11  -11   
 2.81260e-03 2.40344e-06 1.56599e+07 -11  -11   
 2.85611e-03 2.51671e-06 1.56598e+07 -11  -11   
 2.90031e-03 2.63532e-06 1.56597e+07 -11  -11   
 2.94518e-03 2.75952e-06 1.56597e+07 -11  -11   
 2.99075e-03 2.88957e-06 1.56596e+07 -11  -11   
 3.03703e-03 3.02575e-06 1.56595e+07 -11  -11   
 3.08402e-03 3.16835e-06 1.56594e+07 -11  -11   
 3.13175e-03 3.31767e-06 1.56593e+07 -11  -11   
 3.18021e-03 3.47403e-06 1.56592e+07 -11  -11   
 3.22942e-03 3.63776e-06 1.56591e+07 -11  -11   
 3.27939e-03 3.80920e-06 1.56589e+07 -11  -11   
 3.33014e-03 3.98872e-06 1.56588e+07 -11  -11   
 3.38167e-03 4.17670e-06 1.56587e+07 -11  -11   
 3.43400e-03 4.37354e-06 1.56586e+07 -11  -11   
 3.48714e-03 4.57966e-06 1.56585e+07 -11  -11   
 3.54110e-03 4.79550e-06 1.56583e+07 -11  -11   
 3.59590e-03 5.02150e-06 1.56582e+07 -11  -11   
 3.65155e-03 5.25816e-06 1.56581e+07 -11  -11   
 3.70806e-03 5.50597e-06 1.56579e+07 -11  -11   
 3.76544e-03 5.76545e-06 1.56578e+07 -11  -11   
 3.82372e-03 6.03717e-06 1.56576e+07 -11  -11   
 3.88289e-03 6.32169e-06 1.56574e+07 -11  -11   
 3.94299e-03 6.61963e-06 1.56573e+07 -11  -11   
 4.00401e-03 6.93160e-06 1.56571e+07 -11  -11   
 4.06598e-03 7.25828e-06 1.56569e+07 -11  -11   
 4.12891e-03 7.60035e-06 1.56568e+07 -11  -11   
 4.19281e-03 7.95854e-06 1.56566e+07 -11  -11   
 4.25771e-03 8.33362e-06 1.56564e+07 -11  -11   
 4.32361e-03 8.72637e-06 1.56562e+07 -11  -11   
 4.39053e-03 9.13763e-06 1.56560e+07 -11  -11   
 4.45849e-03 9.56827e-06 1.56558e+07 -11  -11   
 4.52750e-03 1.00192e-05 1.56556e+07 -11  -11   
 4.59758e-03 1.04914e-05 1.56554e+07 -11  -11   
 4.66875e-03 1.09858e-05 1.56551e+07 -11  -11   
 4.74102e-03 1.15036e-05 1.56549e+07 -11  -11   
 4.81441e-03 1.20457e-05 1.56547e+07 -11  -11   
 4.88894e-03 1.26134e-05 1.56544e+07 -11  -11   
 4.96462e-03 1.32079e-05 1.56542e+07 -11  -11   
 5.04148e-03 1.38304e-05 1.56539e+07 -11  -11   
 5.11953e-03 1.44822e-05 1.56536e+07 -11  -11   
 5.19879e-03 1.51647e-05 1.56533e+07 -11  -11   
 5.27928e-03 1.58794e-05 1.56530e+07 -11  -11   
 5.36102e-03 1.66278e-05 1.56527e+07 -11  -11   
 5.44402e-03 1.74114e-05 1.56524e+07 -11  -11   
 5.52831e-03 1.82320e-05 1.56521e+07 -11  -11   
 5.61391e-03 1.90912e-05 1.56518e+07 -11  -11   
 5.70084e-03 1.99910e-05 1.56514e+07 -11  -11   
 5.78912e-03 2.09331e-05 1.56511e+07 -11  -11   
 5.87877e-03 2.19196e-05 1.56507e+07 -11  -11   
 5.96980e-03 2.29527e-05 1.56504e+07 -11  -11   
 6.06226e-03 2.40344e-05 1.56500e+07 -11  -11   
 6.15614e-03 2.51671e-05 1.56496e+07 -11  -11   
 6.25149e-03 2.63532e-05 1.56492e+07 -11  -11   
 6.34831e-03 2.75952e-05 1.56488e+07 -11  -11   
 6.44664e-03 2.88957e-05 1.56483e+07 -11  -11   
 6.54649e-03 3.02575e-05 1.56479e+07 -11  -11   
 6.64790e-03 3.16835e-05 1.56474e+07 -11  -11   
 6.75088e-03 3.31767e-05 1.56470e+07 -11  -11   
 6.85546e-03 3.47403e-05 1.56465e+07 -11  -11   
 6.96166e-03 3.63776e-05 1.56460e+07 -11  -11   
 7.06952e-03 3.80920e-05 1.56454e+07 -11  -11   
 7.17905e-03 3.98872e-05 1.56449e+07 -11  -11   
 7.29028e-03 4.17670e-05 1.56443e+07 -11  -11   
 7.40325e-03 4.37354e-05 1.56438e+07 -11  -11   
 7.51796e-03 4.57966e-05 1.56432e+07 -11  -11   
 7.63447e-03 4.79550e-05 1.56426e+07 -11  -11   
 7.75278e-03 5.02150e-05 1.56420e+07 -11  -11   
 7.87294e-03 5.25816e-05 1.56413e+07 -11  -11   
 7.99496e-03 5.50597e-05 1.56406e+07 -11  -11   
 8.11889e-03 5.76545e-05 1.56400e+07 -11  -11   
 8.24474e-03 6.03717e-05 1.56393e+07 -11  -11   
 8.37256e-03 6.32169e-05 1.56385e+07 -11  -11   
 8.50236e-03 6.61963e-05 1.56378e+07 -11  -11   
 8.63418e-03 6.93160e-05 1.56370e+07 -11  -11   
 8.76806e-03 7.25828e-05 1.56362e+07 -11  -11   
 8.90402e-03 7.60035e-05 1.56354e+07 -11  -11   
 9.04210e-03 7.95854e-05 1.56345e+07 -11  -11   
 9.18234e-03 8.33362e-05 1.56336e+07 -11  -11   
 9.32476e-03 8.72637e-05 1.56327e+07 -11  -11   
 9.46940e-03 9.13763e-05 1.56318e+07 -11  -11   
 9.61630e-03 9.56827e-05 1.56308e+07 -11  -11   
 9.76548e-03 1.00192e-04 1.56299e+07 -11  -11   
 9.91700e-03 1.04914e-04 1.56288e+07 -11  -11   
 1.00709e-02 1.09858e-04 1.56278e+07 -11  -11   
 1.02272e-02 1.15036e-04 1.56267e+07 -11  -11   
 1.03859e-02 1.20457e-04 1.56256e+07 -11  -11   
 1.05471e-02 1.26134e-04 1.56244e+07 -11  -11   
 1.07108e-02 1.32079e-04 1.56232e+07 -11  -11   
 1.08771e-02 1.38304e-04 1.56220e+07 -11  -11   
 1.10460e-02 1.44822e-04 1.56207e+07 -11  -11   
 1.12175e-02 1.51647e-04 1.56194e+07 -11  -11   
 1.13917e-02 1.58794e-04 1.56181e+07 -11  -11   
 1.15687e-02 1.66278e-04 1.56167e+07 -11  -11   
 1.17484e-02 1.74114e-04 1.56153e+07 -11  -11   
 1.19309e-02 1.82320e-04 1.56138e+07 -11  -11   
 1.21163e-02 1.90912e-04 1.56123e+07 -11  -11   
 1.23046e-02 1.99910e-04 1.56107e+07 -11  -11   
 1.24958e-02 2.09331e-04 1.56091e+07 -11  -11   
 1.26901e-02 2.19196e-04 1.56074e+07 -11  -11   
 1.28874e-02 2.29527e-04 1.56057e+07 -11  -11   
 1.30878e-02 2.40344e-04 1.56039e+07 -11  -11   
 1.32914e-02 2.51671e-04 1.56021e+07 -11  -11   
 1.34981e-02 2.63532e-04 1.56002e+07 -11  -11   
 1.37081e-02 2.75952e-04 1.55983e+07 -11  -11   
 1.39214e-02 2.88957e-04 1.55962e+07 -11  -11   
 1.41381e-02 3.02575e-04 1.55942e+07 -11  -11   
 1.43581e-02 3.16835e-04 1.55920e+07 -11  -11   
 1.45817e-02 3.31767e-04 1.55899e+07 -11  -11   
 1.48088e-02 3.47403e-04 1.55876e+07 -11  -11   
 1.50394e-02 3.63776e-04 1.55852e+07 -11  -11   
 1.52737e-02 3.80920e-04 1.55828e+07 -11  -11   
 1.55117e-02 3.98872e-04 1.55804e+07 -11  -11   
 1.57535e-02 4.17670e-04 1.55778e+07 -11  -11   
 1.59991e-02 4.37354e-04 1.55752e+07 -11  -11   
 1.62485e-02 4.57966e-04 1.55724e+07 -11  -11   
 1.65020e-02 4.79550e-04 1.55696e+07 -11  -11   
 1.67594e-02 5.02150e-04 1.55667e+07 -11  -11   
 1.70209e-02 5.25816e-04 1.55637e+07 -11  -11   
 1.72866e-02 5.50597e-04 1.55607e+07 -11  -11   
 1.75566e-02 5.76545e-04 1.55575e+07 -11  -11   
 1.78307e-02 6.03717e-04 1.55542e+07 -11  -11   
 1.81093e-02 6.32169e-04 1.55508e+07 -11  -11   
 1.83923e-02 6.61963e-04 1.55474e+07 -11  -11   
 1.86798e-02 6.93160e-04 1.55438e+07 -11  -11   
 1.89720e-02 7.25828e-04 1.55401e+07 -11  -11   
 1.92687e-02 7.60035e-04 1.55363e+07 -11  -11   
 1.95703e-02 7.95854e-04 1.55323e+07 -11  -11   
 1.98766e-02 8.33362e-04 1.55283e+07 -11  -11   
 2.01879e-02 8.72637e-04 1.55241e+07 -11  -11   
 2.05041e-02 9.13763e-04 1.55198e+07 -11  -11   
 2.08254e-02 9.56827e-04 1.55154e+07 -11  -11   
 2.11519e-02 1.00192e-03 1.55108e+07 -11  -11   
 2.14837e-02 1.04914e-03 1.55061e+07 -11  -11   
 2.18208e-02 1.09858e-03 1.55012e+07 -11  -11   
 2.21633e-02 1.15036e-03 1.54962e+07 -11  -11   
 2.25114e-02 1.20457e-03 1.54910e+07 -11  -11   
 2.28651e-02 1.26134e-03 1.54857e+07 -11  -11   
 2.32245e-02 1.32079e-03 1.54802e+07 -11  -11   
 2.35898e-02 1.38304e-03 1.54745e+07 -11  -11   
 2.39610e-02 1.44822e-03 1.54687e+07 -11  -11   
 2.43382e-02 1.51647e-03 1.54627e+07 -11  -11   
 2.47216e-02 1.58794e-03 1.54565e+07 -11  -11   
 2.51112e-02 1.66278e-03 1.54501e+07 -11  -11   
 2.55072e-02 1.74114e-03 1.54435e+07 -11  -11   
 2.59097e-02 1.82320e-03 1.54367e+07 -11  -11   
 2.63188e-02 1.90912e-03 1.54297e+07 -11  -11   
 2.67346e-02 1.99910e-03 1.54224e+07 -11  -11   
 2.71573e-02 2.09331e-03 1.54150e+07 -11  -11   
 2.75869e-02 2.19196e-03 1.54073e+07 -11  -11   
 2.80236e-02 2.29527e-03 1.53994e+07 -11  -11   
 2.84675e-02 2.40344e-03 1.53912e+07 -11  -11   
 2.89188e-02 2.51671e-03 1.53828e+07 -11  -11   
 2.93776e-02 2.63532e-03 1.53742e+07 -11  -11   
 2.98440e-02 2.75952e-03 1.53652e+07 -11  -11   
 3.03182e-02 2.88957e-03 1.53560e+07 -11  -11   
 3.08003e-02 3.02575e-03 1.53465e+07 -11  -11   
 3.12905e-02 3.16835e-03 1.53367e+07 -11  -11   
 3.17890e-02 3.31767e-03 1.53266e+07 -11  -11   
 3.22958e-02 3.47403e-03 1.53162e+07 -11  -11   
 3.28112e-02 3.63776e-03 1.53055e+07 -11  -11   
 3.33353e-02 3.80920e-03 1.52945e+07 -11  -11   
 3.38682e-02 3.98872e-03 1.52831e+07 -11  -11   
 3.44103e-02 4.17670e-03 1.52714e+07 -11  -11   
 3.49616e-02 4.37354e-03 1.52593e+07 -11  -11   
 3.55223e-02 4.57966e-03 1.52468e+07 -11  -11   
 3.60926e-02 4.79550e-03 1.52340e+07 -11  -11   
 3.66727e-02 5.02150e-03 1.52208e+07 -11  -11   
 3.72628e-02 5.25816e-03 1.52071e+07 -11  -11   
 3.78632e-02 5.50597e-03 1.51931e+07 -11  -11   
 3.84739e-02 5.76545e-03 1.51786e+07 -11  -11   
 3.90953e-02 6.03717e-03 1.51637e+07 -11  -11   
 3.97275e-02 6.32169e-03 1.51483e+07 -11  -11   
 4.03708e-02 6.61963e-03 1.51324e+07 -11  -11   
 4.10254e-02 6.93160e-03 1.51161e+07 -11  -11   
 4.16916e-02 7.25828e-03 1.50993e+07 -11  -11   
 4.23695e-02 7.60035e-03 1.50819e+07 -11  -11   
 4.30595e-02 7.95854e-03 1.50641e+07 -11  -11   
 4.37618e-02 8.33362e-03 1.50457e+07 -11  -11   
 4.44767e-02 8.72637e-03 1.50267e+07 -11  -11   
 4.52044e-02 9.13763e-03 1.50072e+07 -11  -11   
 4.59453e-02 9.56827e-03 1.49871e+07 -11  -11   
 4.66995e-02 1.00192e-02 1.49663e+07 -11  -11   
 4.74675e-02 1.04914e-02 1.49450e+07 -11  -11   
 4.82496e-02 1.09858e-02 1.49230e+07 -11  -11   
 4.90460e-02 1.15036e-02 1.49003e+07 -11  -11   
 4.98571e-02 1.20457e-02 1.48770e+07 -11  -11   
 5.06832e-02 1.26134e-02 1.48530e+07 -11  -11   
 5.15247e-02 1.32079e-02 1.48282e+07 -11  -11   
 5.23819e-02 1.38304e-02 1.48027e+07 -11  -11   
 5.32553e-02 1.44822e-02 1.47764e+07 -11  -11   
 5.41451e-02 1.51647e-02 1.47494e+07 -11  -11   
 5.50518e-02 1.58794e-02 1.47215e+07 -11  -11   
 5.59759e-02 1.66278e-02 1.46928e+07 -11  -11   
 5.69177e-02 1.74114e-02 1.46633e+07 -11  -11   
 5.78776e-02 1.82320e-02 1.46328e+07 -11  -11   
 5.88562e-02 1.90912e-02 1.46015e+07 -11  -11   
 5.98538e-02 1.99910e-02 1.45693e+07 -11  -11   
 6.08711e-02 2.09331e-02 1.45361e+07 -11  -11   
 6.19084e-02 2.19196e-02 1.45019e+07 -11  -11   
 6.29663e-02 2.29527e-02 1.44667e+07 -11  -11   
 6.40454e-02 2.40344e-02 1.44305e+07 -11  -11   
 6.51462e-02 2.51671e-02 1.43932e+07 -11  -11   
 6.62692e-02 2.63532e-02 1.43548e+07 -11  -11   
 6.74151e-02 2.75952e-02 1.43153e+07 -11  -11   
 6.85846e-02 2.88957e-02 1.42746e+07 -11  -11   
 6.97781e-02 3.02575e-02 1.42328e+07 -11  -11   
 7.09965e-02 3.16835e-02 1.41897e+07 -11  -11   
 7.22404e-02 3.31767e-02 1.41454e+07 -11  -11   
 7.35105e-02 3.47403e-02 1.40998e+07 -11  -11   
 7.48075e-02 3.63776e-02 1.40528e+07 -11  -11   
 7.61324e-02 3.80920e-02 1.40046e+07 -11  -11   
 7.74584e-02 3.98506e-02 1.39559e+07 -11  -11   
 7.87725e-02 4.16350e-02 1.39074e+07 -11  -11   
 8.00757e-02 4.34458e-02 1.38589e+07 -11  -11   
 8.13695e-02 4.52836e-02 1.38106e+07 -11  -11   
 8.26549e-02 4.71490e-02 1.37623e+07 -11  -11   
 8.39329e-02 4.90426e-02 1.37140e+07 -11  -11   
 8.52047e-02 5.09652e-02 1.36657e+07 -11  -11   
 8.64712e-02 5.29174e-02 1.36174e+07 -11  -11   
 8.77332e-02 5.49001e-02 1.35691e+07 -11  -11   
 8.89918e-02 5.69140e-02 1.35207e+07 -11  -11   
 9.02476e-02 5.89601e-02 1.34723e+07 -11  -11   
 9.15016e-02 6.10391e-02 1.34237e+07 -11  -11   
 9.27545e-02 6.31520e-02 1.33751e+07 -11  -11   
 9.40071e-02 6.52998e-02 1.33263e+07 -11  -11   
 9.52602e-02 6.74836e-02 1.32774e+07 -11  -11   
 9.65144e-02 6.97044e-02 1.32283e+07 -11  -11   
 9.77706e-02 7.19635e-02 1.31790e+07 -11  -11   
 9.90295e-02 7.42619e-02 1.31296e+07 -11  -11   
 1.00292e-01 7.66010e-02 1.30799e+07 -11  -11   
 1.01558e-01 7.89822e-02 1.30299e+07 -11  -11   
 1.02829e-01 8.14069e-02 1.29797e+07 -11  -11   
 1.04106e-01 8.38766e-02 1.29292e+07 -11  -11   
 1.05390e-01 8.63929e-02 1.28783e+07 -11  -11   
 1.06680e-01 8.89575e-02 1.28272e+07 -11  -11   
 1.07979e-01 9.15722e-02 1.27756e+07 -11  -11   
 1.09286e-01 9.42389e-02 1.27237e+07 -11  -11   
 1.10603e-01 9.69597e-02 1.26714e+07 -11  -11   
 1.11930e-01 9.97367e-02 1.26187e+07 -11  -11   
 1.13268e-01 1.02572e-01 1.25655e+07 -11  -11   
 1.14619e-01 1.05469e-01 1.25118e+07 -11  -11   
 1.15984e-01 1.08429e-01 1.24576e+07 -11  -11   
 1.17362e-01 1.11455e-01 1.24028e+07 -11  -11   
 1.18756e-01 1.14551e-01 1.23474e+07 -11  -11   
 1.20166e-01 1.17719e-01 1.22915e+07 -11  -11   
 1.21595e-01 1.20964e-01 1.22348e+07 -11  -11   
 1.23042e-01 1.24288e-01 1.21775e+07 -11  -11   
 1.24509e-01 1.27696e-01 1.21194e+07 -11  -11   
 1.25999e-01 1.31192e-01 1.20606e+07 -11  -11   
 1.27512e-01 1.34781e-01 1.20009e+07 -11  -11   
 1.29050e-01 1.38468e-01 1.19403e+07 -11  -11   
 1.30614e-01 1.42258e-01 1.18787e+07 -11  -11   
 1.32208e-01 1.46157e-01 1.18162e+07 -11  -11   
 1.33832e-01 1.50173e-01 1.17526e+07 -11  -11   
 1.35490e-01 1.54311e-01 1.16879e+07 -11  -11   
 1.37184e-01 1.58580e-01 1.16219e+07 -11  -11   
 1.38916e-01 1.62988e-01 1.15547e+07 -11  -11   
 1.40689e-01 1.67544e-01 1.14860e+07 -11  -11   
 1.42507e-01 1.72259e-01 1.14159e+07 -11  -11   
 1.44373e-01 1.77144e-01 1.13442e+07 -11  -11   
 1.46290e-01 1.82210e-01 1.12708e+07 -11  -11   
 1.48265e-01 1.87474e-01 1.11956e+07 -11  -11   
 1.50282e-01 1.92895e-01 1.11191e+07 -11  -11   
 1.52285e-01 1.98329e-01 1.10435e+07 -11  -11   
 1.54278e-01 2.03774e-01 1.09687e+07 -11  -11   
 1.56258e-01 2.09228e-01 1.08947e+07 -11  -11   
 1.58228e-01 2.14690e-01 1.08215e+07 -11  -11   
 1.60186e-01 2.20159e-01 1.07492e+07 -11  -11   
 1.62134e-01 2.25633e-01 1.06776e+07 -11  -11   
 1.64072e-01 2.31110e-01 1.06068e+07 -11  -11   
 1.66000e-01 2.36589e-01 1.05368e+07 -11  -11   
 1.67918e-01 2.42069e-01 1.04675e+07 -11  -11   
 1.69827e-01 2.47549e-01 1.03990e+07 -11  -11   
 1.71726e-01 2.53026e-01 1.03313e+07 -11  -11   
 1.73617e-01 2.58501e-01 1.02643e+07 -11  -11   
 1.75498e-01 2.63972e-01 1.01980e+07 -11  -11   
 1.77372e-01 2.69438e-01 1.01325e+07 -11  -11   
 1.79237e-01 2.74897e-01 1.00676e+07 -11  -11   
 1.81094e-01 2.80350e-01 1.00035e+07 -11  -11   
 1.82943e-01 2.85793e-01 9.94011e+06 -11  -11   
 1.84784e-01 2.91228e-01 9.87741e+06 -11  -11   
 1.86619e-01 2.96652e-01 9.81538e+06 -11  -11   
 1.88445e-01 3.02065e-01 9.75401e+06 -11  -11   
 1.90265e-01 3.07467e-01 9.69330e+06 -11  -11   
 1.92078e-01 3.12855e-01 9.63324e+06 -11  -11   
 1.93884e-01 3.18229e-01 9.57382e+06 -11  -11   
 1.95683e-01 3.23589e-01 9.51504e+06 -11  -11   
 1.97476e-01 3.28934e-01 9.45688e+06 -11  -11   
 1.99263e-01 3.34263e-01 9.39934e+06 -11  -11   
 2.01044e-01 3.39575e-01 9.34240e+06 -11  -11   
 2.02819e-01 3.44870e-01 9.28607e+06 -11  -11   
 2.04588e-01 3.50147e-01 9.23033e+06 -11  -11   
 2.06351e-01 3.55405e-01 9.17516e+06 -11  -11   
 2.08109e-01 3.60644e-01 9.12057e+06 -11  -11   
 2.09861e-01 3.65863e-01 9.06657e+06 -11  -11   
 2.11609e-01 3.71061e-01 9.01313e+06 -11  -11   
 2.13351e-01 3.76239e-01 8.96023e+06 -11  -11   
 2.15089e-01 3.81396e-01 8.90787e+06 -11  -11   
 2.16822e-01 3.86530e-01 8.85603e+06 -11  -11   
 2.18550e-01 3.91643e-01 8.80472e+06 -11  -11   
 2.20274e-01 3.96732e-01 8.75393e+06 -11  -11   
 2.21993e-01 4.01799e-01 8.70365e+06 -11  -11   
 2.23708e-01 4.06841e-01 8.65388e+06 -11  -11   
 2.25418e-01 4.11860e-01 8.60459e+06 -11  -11   
 2.27125e-01 4.16855e-01 8.55580e+06 -11  -11   
 2.28828e-01 4.21824e-01 8.50748e+06 -11  -11   
 2.30527e-01 4.26769e-01 8.45964e+06 -11  -11   
 2.32222e-01 4.31689e-01 8.41227e+06 -11  -11   
 2.33914e-01 4.36582e-01 8.36536e+06 -11  -11   
 2.35602e-01 4.41450e-01 8.31890e+06 -11  -11   
 2.37287e-01 4.46292e-01 8.27290e+06 -11  -11   
 2.38969e-01 4.51107e-01 8.22732e+06 -11  -11   
 2.40647e-01 4.55896e-01 8.18218e+06 -11  -11   
 2.42322e-01 4.60658e-01 8.13745e+06 -11  -11   
 2.43995e-01 4.65393e-01 8.09313e+06 -11  -11   
 2.45664e-01 4.70100e-01 8.04923e+06 -11  -11   
 2.47331e-01 4.74780e-01 8.00573e+06 -11  -11   
 2.48995e-01 4.79433e-01 7.96264e+06 -11  -11   
 2.50657e-01 4.84057e-01 7.91994e+06 -11  -11   
 2.52316e-01 4.88654e-01 7.87762e+06 -11  -11   
 2.53973e-01 4.93223e-01 7.83568e+06 -11  -11   
 2.55627e-01 4.97763e-01 7.79412e+06 -11  -11   
 2.57279e-01 5.02275e-01 7.75291e+06 -11  -11   
 2.58930e-01 5.06759e-01 7.71208e+06 -11  -11   
 2.60578e-01 5.11214e-01 7.67160e+06 -11  -11   
 2.62224e-01 5.15641e-01 7.63147e+06 -11  -11   
 2.63868e-01 5.20039e-01 7.59169e+06 -11  -11   
 2.65510e-01 5.24409e-01 7.55225e+06 -11  -11   
 2.67151e-01 5.28750e-01 7.51315e+06 -11  -11   
 2.68790e-01 5.33062e-01 7.47438e+06 -11  -11   
 2.70427e-01 5.37345e-01 7.43593e+06 -11  -11   
 2.72063e-01 5.41599e-01 7.39782e+06 -11  -11   
 2.73698e-01 5.45824e-01 7.36001e+06 -11  -11   
 2.75331e-01 5.50021e-01 7.32253e+06 -11  -11   
 2.76963e-01 5.54188e-01 7.28535e+06 -11  -11   
 2.78593e-01 5.58327e-01 7.24849e+06 -11  -11   
 2.80223e-01 5.62437e-01 7.21192e+06 -11  -11   
 2.81852e-01 5.66518e-01 7.17565e+06 -11  -11   
 2.83479e-01 5.70570e-01 7.13968e+06 -11  -11   
 2.85106e-01 5.74593e-01 7.10400e+06 -11  -11   
 2.86732e-01 5.78587e-01 7.06861e+06 -11  -11   
 2.88358e-01 5.82553e-01 7.03349e+06 -11  -11   
 2.89982e-01 5.86490e-01 6.99866e+06 -11  -11   
 2.91606e-01 5.90398e-01 6.96411e+06 -11  -11   
 2.93230e-01 5.94278e-01 6.92982e+06 -11  -11   
 2.94853e-01 5.98129e-01 6.89581e+06 -11  -11   
 2.96476e-01 6.01952e-01 6.86206e+06 -11  -11   
 2.98098e-01 6.05746e-01 6.82857e+06 -11  -11   
 2.99720e-01 6.09512e-01 6.79534e+06 -11  -11   
 3.01342e-01 6.13249e-01 6.76237e+06 -11  -11   
 3.02963e-01 6.16959e-01 6.72964e+06 -11  -11   
 3.04585e-01 6.20640e-01 6.69717e+06 -11  -11   
 3.06206e-01 6.24293e-01 6.66493e+06 -11  -11   
 3.07828e-01 6.27918e-01 6.63292e+06 -11  -11   
 3.09449e-01 6.31516e-01 6.60114e+06 -11  -11   
 3.11071e-01 6.35086e-01 6.56957e+06 -11  -11   
 3.12693e-01 6.38628e-01 6.53823e+06 -11  -11   
 3.14315e-01 6.42142e-01 6.50710e+06 -11  -11   
 3.15937e-01 6.45630e-01 6.47618e+06 -11  -11   
 3.17560e-01 6.49090e-01 6.44547e+06 -11  -11   
 3.19183e-01 6.52522e-01 6.41497e+06 -11  -11   
 3.20807e-01 6.55928e-01 6.38468e+06 -11  -11   
 3.22430e-01 6.59306e-01 6.35458e+06 -11  -11   
 3.24055e-01 6.62658e-01 6.32469e+06 -11  -11   
 3.25680e-01 6.65983e-01 6.29499e+06 -11  -11   
 3.27305e-01 6.69282e-01 6.26549e+06 -11  -11   
 3.28931e-01 6.72553e-01 6.23618e+06 -11  -11   
 3.30558e-01 6.75799e-01 6.20705e+06 -11  -11   
 3.32186e-01 6.79018e-01 6.17812e+06 -11  -11   
 3.33814e-01 6.82211e-01 6.14937e+06 -11  -11   
 3.35443e-01 6.85379e-01 6.12079e+06 -11  -11   
 3.37072e-01 6.88520e-01 6.09240e+06 -11  -11   
 3.38703e-01 6.91635e-01 6.06419e+06 -11  -11   
 3.40335e-01 6.94725e-01 6.03615e+06 -11  -11   
 3.41967e-01 6.97790e-01 6.00829e+06 -11  -11   
 3.43601e-01 7.00829e-01 5.98060e+06 -11  -11   
 3.45235e-01 7.03843e-01 5.95308e+06 -11  -11   
 3.46871e-01 7.06832e-01 5.92572e+06 -11  -11   
 3.48508e-01 7.09796e-01 5.89853e+06 -11  -11   
 3.50145e-01 7.12736e-01 5.87151e+06 -11  -11   
 3.51784e-01 7.15650e-01 5.84464e+06 -11  -11   
 3.53424e-01 7.18540e-01 5.81794e+06 -11  -11   
 3.55065e-01 7.21406e-01 5.79140e+06 -11  -11   
 3.56708e-01 7.24248e-01 5.76501e+06 -11  -11   
 3.58352e-01 7.27065e-01 5.73877e+06 -11  -11   
 3.59997e-01 7.29859e-01 5.71269e+06 -11  -11   
 3.61643e-01 7.32629e-01 5.68676e+06 -11  -11   
 3.63291e-01 7.35375e-01 5.66098e+06 -11  -11   
 3.64941e-01 7.38097e-01 5.63535e+06 -11  -11   
 3.66591e-01 7.40797e-01 5.60987e+06 -11  -11   
 3.68243e-01 7.43473e-01 5.58453e+06 -11  -11   
 3.69897e-01 7.46126e-01 5.55933e+06 -11  -11   
 3.71552e-01 7.48756e-01 5.53427e+06 -11  -11   
 3.73209e-01 7.51363e-01 5.50936e+06 -11  -11   
 3.74867e-01 7.53948e-01 5.48458e+06 -11  -11   
 3.76527e-01 7.56510e-01 5.45994e+06 -11  -11   
 3.78189e-01 7.59050e-01 5.43543e+06 -11  -11   
 3.79852e-01 7.61568e-01 5.41106e+06 -11  -11   
 3.81517e-01 7.64064e-01 5.38682e+06 -11  -11   
 3.83183e-01 7.66537e-01 5.36272e+06 -11  -11   
 3.84852e-01 7.68989e-01 5.33874e+06 -11  -11   
 3.86522e-01 7.71420e-01 5.31489e+06 -11  -11   
 3.88194e-01 7.73829e-01 5.29117e+06 -11  -11   
 3.89867e-01 7.76216e-01 5.26757e+06 -11  -11   
 3.91543e-01 7.78583e-01 5.24410e+06 -11  -11   
 3.93220e-01 7.80928e-01 5.22075e+06 -11  -11   
 3.94899e-01 7.83253e-01 5.19753e+06 -11  -11   
 3.96581e-01 7.85557e-01 5.17442e+06 -11  -11   
 3.98264e-01 7.87840e-01 5.15144e+06 -11  -11   
 3.99949e-01 7.90103e-01 5.12857e+06 -11  -11   
 4.01636e-01 7.92345e-01 5.10582e+06 -11  -11   
 4.03325e-01 7.94568e-01 5.08318e+06 -11  -11   
 4.05016e-01 7.96770e-01 5.06066e+06 -11  -11   
 4.06709e-01 7.98952e-01 5.03825e+06 -11  -11   
 4.08404e-01 8.01115e-01 5.01595e+06 -11  -11   
 4.10101e-01 8.03258e-01 4.99377e+06 -11  -11   
 4.11800e-01 8.05382e-01 4.97169e+06 -11  -11   
 4.13501e-01 8.07486e-01 4.94972e+06 -11  -11   
 4.15205e-01 8.09571e-01 4.92786e+06 -11  -11   
 4.16910e-01 8.11637e-01 4.90611e+06 -11  -11   
 4.18618e-01 8.13684e-01 4.88446e+06 -11  -11   
 4.20328e-01 8.15713e-01 4.86292e+06 -11  -11   
 4.22040e-01 8.17723e-01 4.84147e+06 -11  -11   
 4.23754e-01 8.19714e-01 4.82013e+06 -11  -11   
 4.25471e-01 8.21687e-01 4.79890e+06 -11  -11   
 4.27190e-01 8.23642e-01 4.77776e+06 -11  -11   
 4.28911e-01 8.25579e-01 4.75672e+06 -11  -11   
 4.30634e-01 8.27498e-01 4.73578e+06 -11  -11   
 4.32360e-01 8.29399e-01 4.71494e+06 -11  -11   
 4.34088e-01 8.31282e-01 4.69419e+06 -11  -11   
 4.35818e-01 8.33148e-01 4.67354e+06 -11  -11   
 4.37550e-01 8.34996e-01 4.65299e+06 -11  -11   
 4.39285e-01 8.36828e-01 4.63253e+06 -11  -11   
 4.41022e-01 8.38642e-01 4.61216e+06 -11  -11   
 4.42762e-01 8.40439e-01 4.59189e+06 -11  -11   
 4.44504e-01 8.42219e-01 4.57170e+06 -11  -11   
 4.46248e-01 8.43983e-01 4.55161e+06 -11  -11   
 4.47995e-01 8.45729e-01 4.53161e+06 -11  -11   
 4.49744e-01 8.47460e-01 4.51169e+06 -11  -11   
 4.51496e-01 8.49174e-01 4.49186e+06 -11  -11   
 4.53250e-01 8.50872e-01 4.47212e+06 -11  -11   
 4.55007e-01 8.52554e-01 4.45247e+06 -11  -11   
 4.56766e-01 8.54220e-01 4.43290e+06 -11  -11   
 4.58527e-01 8.55870e-01 4.41342e+06 -11  -11   
 4.60291e-01 8.57504e-01 4.39402e+06 -11  -11.482  
 4.62058e-01 8.59122e-01 4.37470e+06 -11  -10.894  
 4.63826e-01 8.60726e-01 4.35546e+06 -11  -10.327  
 4.65598e-01 8.62314e-01 4.33631e+06 -11  -9.774  
 4.67372e-01 8.63886e-01 4.31723e+06 -11  -9.246  
 4.69148e-01 8.65444e-01 4.29824e+06 -11  -8.735  
 4.70927e-01 8.66986e-01 4.27932e+06 -11  -8.242  
 4.72709e-01 8.68514e-01 4.26048e+06 -11  -7.772  
 4.74493e-01 8.70027e-01 4.24172e+06 -11  -7.317  
 4.76279e-01 8.71526e-01 4.22303e+06 -11  -6.884  
 4.78068e-01 8.73010e-01 4.20441e+06 -11  -6.468  
 4.79860e-01 8.74479e-01 4.18588e+06 -11  -6.069  
 4.81654e-01 8.75934e-01 4.16741e+06 -11  -5.692  
 4.83451e-01 8.77375e-01 4.14902e+06 -11  -5.328  
 4.85250e-01 8.78803e-01 4.13070e+06 -11  -4.984  
 4.87052e-01 8.80216e-01 4.11245e+06 -11  -4.655  
 4.88857e-01 8.81615e-01 4.09427e+06 -11  -4.343  
 4.90664e-01 8.83001e-01 4.07616e+06 -11  -4.047  
 4.92473e-01 8.84373e-01 4.05812e+06 -11  -3.764  
 4.94285e-01 8.85732e-01 4.04015e+06 -11  -3.498  
 4.96100e-01 8.87077e-01 4.02224e+06 -11  -3.244  
 4.97918e-01 8.88409e-01 4.00440e+06 -11  -3.004  
 4.99738e-01 8.89728e-01 3.98663e+06 -11  -2.777  
 5.01560e-01 8.91034e-01 3.96892e+06 -11  -2.562  
 5.03385e-01 8.92327e-01 3.95127e+06 -11  -2.359  
 5.05213e-01 8.93607e-01 3.93369e+06 -11  -2.166  
 5.07043e-01 8.94874e-01 3.91617e+06 -11  -1.984  
 5.08876e-01 8.96129e-01 3.89871e+06 -11  -1.812  
 5.10711e-01 8.97372e-01 3.88131e+06 -11  -1.650  
 5.12549e-01 8.98602e-01 3.86397e+06 -11  -1.496  
 5.14390e-01 8.99819e-01 3.84670e+06 -11  -1.351  
 5.16233e-01 9.01025e-01 3.82948e+06 -11  -1.214  
 5.18078e-01 9.02218e-01 3.81232e+06 -11  -1.085  
 5.19927e-01 9.03400e-01 3.79521e+06 -11  -0.963  
 5.21777e-01 9.04569e-01 3.77817e+06 -11  -0.848  
 5.23631e-01 9.05727e-01 3.76118e+06 -11  -0.739  
 5.25486e-01 9.06873e-01 3.74424e+06 -11  -0.636  
 5.27345e-01 9.08008e-01 3.72736e+06 -11  -0.539  
 5.29205e-01 9.09131e-01 3.71054e+06 -11  -0.447  
 5.31069e-01 9.10243e-01 3.69377e+06 -11  -0.360  
 5.32935e-01 9.11343e-01 3.67705e+06 -11  -0.278  
 5.34803e-01 9.12433e-01 3.66038e+06 -11  -0.201  
 5.36674e-01 9.13511e-01 3.64376e+06 -11  -0.128  
 5.38547e-01 9.14578e-01 3.62720e+06 -11  -0.058  
 5.40423e-01 9.15634e-01 3.61068e+06 -11   0.007  
 5.42301e-01 9.16680e-01 3.59421e+06 -11   0.069  
 5.44181e-01 9.17715e-01 3.57779e+06 -11   0.128  
 5.46064e-01 9.18739e-01 3.56142e+06 -11   0.183  
 5.47950e-01 9.19753e-01 3.54510e+06 -11.948  0.236  
 5.49837e-01 9.20756e-01 3.52882e+06 -11.265  0.285  
 5.51728e-01 9.21749e-01 3.51259e+06 -10.718  0.332  
 5.53620e-01 9.22731e-01 3.49640e+06 -10.186  0.377  
 5.55515e-01 9.23704e-01 3.48025e+06 -9.675  0.419  
 5.57412e-01 9.24666e-01 3.46415e+06 -9.181  0.459  
 5.59312e-01 9.25619e-01 3.44809e+06 -8.706  0.498  
 5.61213e-01 9.26561e-01 3.43207e+06 -8.247  0.534  
 5.63117e-01 9.27494e-01 3.41609e+06 -7.806  0.568  
 5.65024e-01 9.28417e-01 3.40016e+06 -7.379  0.601  
 5.66932e-01 9.29330e-01 3.38426e+06 -6.970  0.632  
 5.68843e-01 9.30233e-01 3.36840e+06 -6.574  0.661  
 5.70756e-01 9.31128e-01 3.35257e+06 -6.194  0.689  
 5.72671e-01 9.32012e-01 3.33679e+06 -5.828  0.716  
 5.74588e-01 9.32888e-01 3.32104e+06 -5.479  0.741  
 5.76507e-01 9.33754e-01 3.30532e+06 -5.142  0.765  
 5.78429e-01 9.34611e-01 3.28964e+06 -4.820  0.788  
 5.80352e-01 9.35459e-01 3.27399e+06 -4.511  0.810  
 5.82277e-01 9.36298e-01 3.25837e+06 -4.217  0.831  
 5.84205e-01 9.37128e-01 3.24278e+06 -3.935  0.851  
 5.86134e-01 9.37950e-01 3.22723e+06 -3.667  0.870  
 5.88065e-01 9.38762e-01 3.21170e+06 -3.411  0.888  
 5.89999e-01 9.39566e-01 3.19620e+06 -3.167  0.906  
 5.91934e-01 9.40361e-01 3.18073e+06 -2.935  0.922  
 5.93871e-01 9.41148e-01 3.16528e+06 -2.715  0.938  
 5.95809e-01 9.41926e-01 3.14986e+06 -2.505  0.953  
 5.97750e-01 9.42696e-01 3.13447e+06 -2.306  0.968  
 5.99692e-01 9.43458e-01 3.11909e+06 -2.118  0.982  
 6.01636e-01 9.44211e-01 3.10374e+06 -1.939  0.995  
 6.03581e-01 9.44956e-01 3.08841e+06 -1.770  1.008  
 6.05528e-01 9.45693e-01 3.07310e+06 -1.609  1.020  
 6.07477e-01 9.46422e-01 3.05781e+06 -1.457  1.032  
 6.09427e-01 9.47143e-01 3.04254e+06 -1.314  1.043  
 6.11379e-01 9.47857e-01 3.02728e+06 -1.178  1.054  
 6.13331e-01 9.48562e-01 3.01204e+06 -1.049  1.064  
 6.15286e-01 9.49260e-01 2.99681e+06 -0.928  1.074  
 6.17241e-01 9.49950e-01 2.98159e+06 -0.813  1.083  
 6.19198e-01 9.50632e-01 2.96639e+06 -0.704  1.092  
 6.21156e-01 9.51307e-01 2.95119e+06 -0.601  1.101  
 6.23115e-01 9.51975e-01 2.93600e+06 -0.505  1.110  
 6.25076e-01 9.52635e-01 2.92082e+06 -0.413  1.118  
 6.27037e-01 9.53287e-01 2.90565e+06 -0.327  1.125  
 6.28999e-01 9.53933e-01 2.89047e+06 -0.245  1.133  
 6.30962e-01 9.54571e-01 2.87530e+06 -0.168  1.140  
 6.32926e-01 9.55202e-01 2.86013e+06 -0.095  1.147  
 6.34891e-01 9.55826e-01 2.84495e+06 -0.026  1.153  
 6.36856e-01 9.56443e-01 2.82977e+06  0.039  1.160  
 6.38822e-01 9.57053e-01 2.81459e+06  0.100  1.166  
 6.40788e-01 9.57657e-01 2.79939e+06  0.158  1.172  
 6.42755e-01 9.58253e-01 2.78419e+06  0.213  1.177  
 6.44722e-01 9.58843e-01 2.76897e+06  0.264  1.183  
 6.46690e-01 9.59426e-01 2.75374e+06  0.313  1.188  
 6.48657e-01 9.60002e-01 2.73848e+06  0.359  1.193  
 6.50625e-01 9.60572e-01 2.72321e+06  0.403  1.198  
 6.52593e-01 9.61135e-01 2.70791e+06  0.444  1.202  
 6.54560e-01 9.61691e-01 2.69259e+06  0.483  1.207  
 6.56527e-01 9.62242e-01 2.67724e+06  0.520  1.211  
 6.58494e-01 9.62786e-01 2.66188e+06  0.554  1.215  
 6.60461e-01 9.63323e-01 2.64649e+06  0.587  1.219  
 6.62427e-01 9.63855e-01 2.63108e+06  0.618  1.222  
 6.64392e-01 9.64380e-01 2.61564e+06  0.648  1.226  
 6.66357e-01 9.64899e-01 2.60016e+06  0.675  1.229  
 6.68320e-01 9.65412e-01 2.58465e+06  0.702  1.233  
 6.70283e-01 9.65919e-01 2.56909e+06  0.727  1.236  
 6.72245e-01 9.66420e-01 2.55349e+06  0.750  1.239  
 6.74205e-01 9.66915e-01 2.53784e+06  0.772  1.242  
 6.76164e-01 9.67405e-01 2.52213e+06  0.793  1.244  
 6.78121e-01 9.67888e-01 2.50636e+06  0.813  1.247  
 6.80077e-01 9.68366e-01 2.49053e+06  0.832  1.249  
 6.82030e-01 9.68838e-01 2.47463e+06  0.850  1.252  
 6.83982e-01 9.69304e-01 2.45865e+06  0.867  1.254  
 6.85931e-01 9.69765e-01 2.44258e+06  0.882  1.256  
 6.87878e-01 9.70220e-01 2.42642e+06  0.897  1.258  
 6.89822e-01 9.70670e-01 2.41016e+06  0.911  1.260  
 6.91764e-01 9.71114e-01 2.39380e+06  0.925  1.261  
 6.93702e-01 9.71553e-01 2.37732e+06  0.937  1.263  
 6.95638e-01 9.71986e-01 2.36070e+06  0.949  1.264  
 6.97569e-01 9.72414e-01 2.34395e+06  0.960  1.266  
 6.99497e-01 9.72837e-01 2.32705e+06  0.970  1.267  
 7.01604e-01 9.73294e-01 2.30835e+06  0.980  1.268  
 7.03512e-01 9.73703e-01 2.29119e+06  0.989  1.269  
 7.05415e-01 9.74108e-01 2.27383e+06  0.997  1.270  
 7.07313e-01 9.74507e-01 2.25626e+06  1.005  1.271  
 7.09206e-01 9.74902e-01 2.23844e+06  1.010  1.271  
 7.11093e-01 9.75291e-01 2.22036e+06  1.028  1.273  
 7.12974e-01 9.75676e-01 2.20126e+06  1.028  1.273  
 7.14848e-01 9.76055e-01 2.18140e+06  1.028  1.273  
 7.16714e-01 9.76430e-01 2.16171e+06  1.028  1.273  
 7.18572e-01 9.76800e-01 2.14220e+06  1.028  1.273  
 7.20433e-01 9.77167e-01 2.12274e+06  1.028  1.273  
 7.22286e-01 9.77530e-01 2.10347e+06  1.028  1.273  
 7.24130e-01 9.77888e-01 2.08437e+06  1.028  1.273  
 7.25967e-01 9.78241e-01 2.06545e+06  1.028  1.273  
 7.27795e-01 9.78590e-01 2.04669e+06  1.028  1.273  
 7.29615e-01 9.78934e-01 2.02811e+06  1.028  1.273  
 7.31426e-01 9.79273e-01 2.00970e+06  1.028  1.273  
 7.33230e-01 9.79608e-01 1.99145e+06  1.028  1.273  
 7.35025e-01 9.79938e-01 1.97337e+06  1.028  1.273  
 7.36811e-01 9.80264e-01 1.95546e+06  1.028  1.273  
 7.38590e-01 9.80585e-01 1.93770e+06  1.028  1.273  
 7.40360e-01 9.80902e-01 1.92011e+06  1.028  1.273  
 7.42121e-01 9.81215e-01 1.90268e+06  1.028  1.273  
 7.43874e-01 9.81523e-01 1.88541e+06  1.028  1.273  
 7.45619e-01 9.81827e-01 1.86829e+06  1.028  1.273  
 7.47356e-01 9.82127e-01 1.85133e+06  1.028  1.273  
 7.49084e-01 9.82423e-01 1.83453e+06  1.028  1.273  
 7.50803e-01 9.82714e-01 1.81787e+06  1.028  1.273  
 7.52514e-01 9.83002e-01 1.80137e+06  1.028  1.273  
 7.54217e-01 9.83285e-01 1.78502e+06  1.028  1.273  
 7.55911e-01 9.83565e-01 1.76882e+06  1.028  1.273  
 7.57597e-01 9.83840e-01 1.75276e+06  1.028  1.273  
 7.59275e-01 9.84111e-01 1.73685e+06  1.028  1.273  
 7.60944e-01 9.84379e-01 1.72109e+06  1.028  1.273  
 7.62604e-01 9.84643e-01 1.70546e+06  1.028  1.273  
 7.64256e-01 9.84902e-01 1.68998e+06  1.028  1.273  
 7.65899e-01 9.85158e-01 1.67465e+06  1.028  1.273  
 7.67535e-01 9.85411e-01 1.65945e+06  1.028  1.273  
 7.69161e-01 9.85659e-01 1.64438e+06  1.028  1.273  
 7.70779e-01 9.85904e-01 1.62946e+06  1.028  1.273  
 7.72389e-01 9.86146e-01 1.61467e+06  1.028  1.273  
 7.73990e-01 9.86383e-01 1.60002e+06  1.028  1.273  
 7.75583e-01 9.86617e-01 1.58550e+06  1.028  1.273  
 7.77167e-01 9.86848e-01 1.57111e+06  1.028  1.273  
 7.78743e-01 9.87075e-01 1.55685e+06  1.028  1.273  
 7.80310e-01 9.87299e-01 1.54272e+06  1.028  1.273  
 7.81869e-01 9.87520e-01 1.52872e+06  1.028  1.273  
 7.83419e-01 9.87737e-01 1.51485e+06  1.028  1.273  
 7.84961e-01 9.87950e-01 1.50110e+06  1.028  1.273  
 7.86495e-01 9.88161e-01 1.48748e+06  1.028  1.273  
 7.88020e-01 9.88368e-01 1.47398e+06  1.028  1.273  
 7.89537e-01 9.88572e-01 1.46061e+06  1.028  1.273  
 7.91045e-01 9.88773e-01 1.44735e+06  1.028  1.273  
 7.92545e-01 9.88971e-01 1.43422e+06  1.028  1.273  
 7.94036e-01 9.89166e-01 1.42121e+06  1.028  1.273  
 7.95519e-01 9.89357e-01 1.40831e+06  1.028  1.273  
 7.96994e-01 9.89546e-01 1.39553e+06  1.028  1.273  
 7.98460e-01 9.89732e-01 1.38287e+06  1.028  1.273  
 7.99918e-01 9.89915e-01 1.37032e+06  1.028  1.273  
 8.01368e-01 9.90094e-01 1.35789e+06  1.028  1.273  
 8.02809e-01 9.90272e-01 1.34557e+06  1.028  1.273  
 8.04242e-01 9.90446e-01 1.33336e+06  1.028  1.273  
 8.05666e-01 9.90617e-01 1.32127e+06  1.028  1.273  
 8.07083e-01 9.90786e-01 1.30928e+06  1.028  1.273  
 8.08491e-01 9.90952e-01 1.29740e+06  1.028  1.273  
 8.09891e-01 9.91115e-01 1.28563e+06  1.028  1.273  
 8.11282e-01 9.91276e-01 1.27397e+06  1.028  1.273  
 8.12666e-01 9.91434e-01 1.26241e+06  1.028  1.273  
 8.14041e-01 9.91590e-01 1.25096e+06  1.028  1.273  
 8.15407e-01 9.91743e-01 1.23961e+06  1.028  1.273  
 8.16766e-01 9.91893e-01 1.22836e+06  1.028  1.273  
 8.18117e-01 9.92041e-01 1.21722e+06  1.028  1.273  
 8.19459e-01 9.92187e-01 1.20618e+06  1.028  1.273  
 8.20793e-01 9.92330e-01 1.19524e+06  1.028  1.273  
 8.22120e-01 9.92470e-01 1.18439e+06  1.028  1.273  
 8.23438e-01 9.92609e-01 1.17365e+06  1.028  1.273  
 8.24748e-01 9.92745e-01 1.16300e+06  1.028  1.273  
 8.26050e-01 9.92879e-01 1.15245e+06  1.028  1.273  
 8.27344e-01 9.93011e-01 1.14200e+06  1.028  1.273  
 8.28629e-01 9.93140e-01 1.13164e+06  1.028  1.273  
 8.29907e-01 9.93267e-01 1.12137e+06  1.028  1.273  
 8.31177e-01 9.93392e-01 1.11120e+06  1.028  1.273  
 8.32439e-01 9.93515e-01 1.10112e+06  1.028  1.273  
 8.33693e-01 9.93636e-01 1.09113e+06  1.028  1.273  
 8.34939e-01 9.93755e-01 1.08123e+06  1.028  1.273  
 8.36178e-01 9.93872e-01 1.07142e+06  1.028  1.273  
 8.37408e-01 9.93987e-01 1.06170e+06  1.028  1.273  
 8.38631e-01 9.94100e-01 1.05207e+06  1.028  1.273  
 8.39846e-01 9.94211e-01 1.04252e+06  1.028  1.273  
 8.41052e-01 9.94320e-01 1.03306e+06  1.028  1.273  
 8.42252e-01 9.94427e-01 1.02369e+06  1.028  1.273  
 8.43443e-01 9.94532e-01 1.01440e+06  1.028  1.273  
 8.44627e-01 9.94635e-01 1.00520e+06  1.028  1.273  
 8.45803e-01 9.94737e-01 9.96082e+05  1.028  1.273  
 8.46972e-01 9.94837e-01 9.87045e+05  1.028  1.273  
 8.48132e-01 9.94935e-01 9.78090e+05  1.028  1.273  
 8.49286e-01 9.95032e-01 9.69217e+05  1.028  1.273  
 8.50431e-01 9.95126e-01 9.60424e+05  1.028  1.273  
 8.51569e-01 9.95219e-01 9.51712e+05  1.028  1.273  
 8.52700e-01 9.95311e-01 9.43078e+05  1.028  1.273  
 8.53823e-01 9.95401e-01 9.34523e+05  1.028  1.273  
 8.54939e-01 9.95489e-01 9.26045e+05  1.028  1.273  
 8.56047e-01 9.95575e-01 9.17645e+05  1.028  1.273  
 8.57147e-01 9.95661e-01 9.09321e+05  1.028  1.273  
 8.58241e-01 9.95744e-01 9.01073e+05  1.028  1.273  
 8.59327e-01 9.95826e-01 8.92899e+05  1.028  1.273  
 8.60406e-01 9.95907e-01 8.84801e+05  1.028  1.273  
 8.61477e-01 9.95986e-01 8.76775e+05  1.028  1.273  
 8.62541e-01 9.96064e-01 8.68823e+05  1.028  1.273  
 8.63598e-01 9.96140e-01 8.60943e+05  1.028  1.273  
 8.64647e-01 9.96215e-01 8.53135e+05  1.028  1.273  
 8.65690e-01 9.96289e-01 8.45399e+05  1.028  1.273  
 8.66725e-01 9.96361e-01 8.37732e+05  1.028  1.273  
 8.67753e-01 9.96432e-01 8.30135e+05  1.028  1.273  
 8.68775e-01 9.96502e-01 8.22608e+05  1.028  1.273  
 8.69789e-01 9.96570e-01 8.15149e+05  1.028  1.273  
 8.70796e-01 9.96637e-01 8.07758e+05  1.028  1.273  
 8.71796e-01 9.96703e-01 8.00435e+05  1.028  1.273  
 8.72789e-01 9.96768e-01 7.93178e+05  1.028  1.273  
 8.73775e-01 9.96831e-01 7.85987e+05  1.028  1.273  
 8.74754e-01 9.96894e-01 7.78862e+05  1.028  1.273  
 8.75726e-01 9.96955e-01 7.71802e+05  1.028  1.273  
 8.76692e-01 9.97015e-01 7.64807e+05  1.028  1.273  
 8.77651e-01 9.97074e-01 7.57875e+05  1.028  1.273  
 8.78602e-01 9.97132e-01 7.51006e+05  1.028  1.273  
 8.79548e-01 9.97189e-01 7.44200e+05  1.028  1.273  
 8.80486e-01 9.97244e-01 7.37456e+05  1.028  1.273  
 8.81418e-01 9.97299e-01 7.30774e+05  1.028  1.273  
 8.82343e-01 9.97353e-01 7.24153e+05  1.028  1.273  
 8.83262e-01 9.97405e-01 7.17592e+05  1.028  1.273  
 8.84173e-01 9.97457e-01 7.11091e+05  1.028  1.273  
 8.85079e-01 9.97508e-01 7.04649e+05  1.028  1.273  
 8.85978e-01 9.97557e-01 6.98267e+05  1.028  1.273  
 8.86870e-01 9.97606e-01 6.91942e+05  1.028  1.273  
 8.87756e-01 9.97654e-01 6.85675e+05  1.028  1.273  
 8.88636e-01 9.97701e-01 6.79466e+05  1.028  1.273  
 8.89509e-01 9.97747e-01 6.73313e+05  1.028  1.273  
 8.90375e-01 9.97792e-01 6.67216e+05  1.028  1.273  
 8.91236e-01 9.97837e-01 6.61175e+05  1.028  1.273  
 8.92090e-01 9.97880e-01 6.55189e+05  1.028  1.273  
 8.92938e-01 9.97923e-01 6.49257e+05  1.028  1.273  
 8.93780e-01 9.97965e-01 6.43380e+05  1.028  1.273  
 8.94615e-01 9.98006e-01 6.37557e+05  1.028  1.273  
 8.95445e-01 9.98046e-01 6.31786e+05  1.028  1.273  
 8.96268e-01 9.98086e-01 6.26068e+05  1.028  1.273  
 8.97085e-01 9.98125e-01 6.20403e+05  1.028  1.273  
 8.97896e-01 9.98163e-01 6.14789e+05  1.028  1.273  
 8.98701e-01 9.98200e-01 6.09227e+05  1.028  1.273  
 8.99500e-01 9.98236e-01 6.03715e+05  1.028  1.273  
 9.00293e-01 9.98272e-01 5.98253e+05  1.028  1.273  
 9.01081e-01 9.98307e-01 5.92842e+05  1.028  1.273  
 9.01862e-01 9.98342e-01 5.87480e+05  1.028  1.273  
 9.02637e-01 9.98376e-01 5.82167e+05  1.028  1.273  
 9.03407e-01 9.98409e-01 5.76902e+05  1.028  1.273  
 9.04171e-01 9.98441e-01 5.71686e+05  1.028  1.273  
 9.04929e-01 9.98473e-01 5.66517e+05  1.028  1.273  
 9.05681e-01 9.98504e-01 5.61395e+05  1.028  1.273  
 9.06428e-01 9.98535e-01 5.56321e+05  1.028  1.273  
 9.07169e-01 9.98565e-01 5.51292e+05  1.028  1.273  
 9.07904e-01 9.98594e-01 5.46310e+05  1.028  1.273  
 9.08634e-01 9.98623e-01 5.41373e+05  1.028  1.273  
 9.09358e-01 9.98652e-01 5.36481e+05  1.028  1.273  
 9.10077e-01 9.98679e-01 5.31634e+05  1.028  1.273  
 9.10790e-01 9.98707e-01 5.26831e+05  1.028  1.273  
 9.11498e-01 9.98733e-01 5.22072e+05  1.028  1.273  
 9.12200e-01 9.98759e-01 5.17357e+05  1.028  1.273  
 9.12898e-01 9.98785e-01 5.12684e+05  1.028  1.273  
 9.13589e-01 9.98810e-01 5.08055e+05  1.028  1.273  
 9.14275e-01 9.98835e-01 5.03468e+05  1.028  1.273  
 9.14956e-01 9.98859e-01 4.98922e+05  1.028  1.273  
 9.15632e-01 9.98882e-01 4.94419e+05  1.028  1.273  
 9.16303e-01 9.98906e-01 4.89957e+05  1.028  1.273  
 9.16968e-01 9.98928e-01 4.85535e+05  1.028  1.273  
 9.17628e-01 9.98951e-01 4.81154e+05  1.028  1.273  
 9.18283e-01 9.98972e-01 4.76813e+05  1.028  1.273  
 9.18933e-01 9.98994e-01 4.72512e+05  1.028  1.273  
 9.19578e-01 9.99015e-01 4.68250e+05  1.028  1.273  
 9.20217e-01 9.99035e-01 4.64028e+05  1.028  1.273  
 9.20852e-01 9.99055e-01 4.59844e+05  1.028  1.273  
 9.21482e-01 9.99075e-01 4.55698e+05  1.028  1.273  
 9.22107e-01 9.99094e-01 4.51590e+05  1.028  1.273  
 9.22727e-01 9.99113e-01 4.47521e+05  1.028  1.273  
 9.23342e-01 9.99132e-01 4.43488e+05  1.028  1.273  
 9.23952e-01 9.99150e-01 4.39492e+05  1.028  1.273  
 9.24558e-01 9.99168e-01 4.35533e+05  1.028  1.273  
 9.25158e-01 9.99185e-01 4.31611e+05  1.028  1.273  
 9.25754e-01 9.99202e-01 4.27724e+05  1.028  1.273  
 9.26346e-01 9.99219e-01 4.23873e+05  1.028  1.273  
 9.26932e-01 9.99236e-01 4.20058e+05  1.028  1.273  
 9.27514e-01 9.99252e-01 4.16277e+05  1.028  1.273  
 9.28091e-01 9.99267e-01 4.12531e+05  1.028  1.273  
 9.28664e-01 9.99283e-01 4.08820e+05  1.028  1.273  
 9.29232e-01 9.99298e-01 4.05142e+05  1.028  1.273  
 9.29795e-01 9.99313e-01 4.01499e+05  1.028  1.273  
 9.30354e-01 9.99327e-01 3.97889e+05  1.028  1.273  
 9.30909e-01 9.99341e-01 3.94312e+05  1.028  1.273  
 9.31459e-01 9.99355e-01 3.90768e+05  1.028  1.273  
 9.32005e-01 9.99369e-01 3.87257e+05  1.028  1.273  
 9.32546e-01 9.99382e-01 3.83778e+05  1.028  1.273  
 9.33083e-01 9.99395e-01 3.80331e+05  1.028  1.273  
 9.33616e-01 9.99408e-01 3.76915e+05  1.028  1.273  
 9.34144e-01 9.99421e-01 3.73531e+05  1.028  1.273  
 9.34668e-01 9.99433e-01 3.70178e+05  1.028  1.273  
 9.35188e-01 9.99445e-01 3.66856e+05  1.028  1.273  
 9.35704e-01 9.99457e-01 3.63565e+05  1.028  1.273  
 9.36215e-01 9.99468e-01 3.60304e+05  1.028  1.273  
 9.36723e-01 9.99480e-01 3.57073e+05  1.028  1.273  
 9.37226e-01 9.99491e-01 3.53871e+05  1.028  1.273  
 9.37725e-01 9.99501e-01 3.50700e+05  1.028  1.273  
 9.38221e-01 9.99512e-01 3.47557e+05  1.028  1.273  
 9.38712e-01 9.99522e-01 3.44444e+05  1.028  1.273  
 9.39199e-01 9.99533e-01 3.41359e+05  1.028  1.273  
 9.39682e-01 9.99543e-01 3.38303e+05  1.028  1.273  
 9.40161e-01 9.99552e-01 3.35275e+05  1.028  1.273  
 9.40636e-01 9.99562e-01 3.32275e+05  1.028  1.273  
 9.41108e-01 9.99571e-01 3.29303e+05  1.028  1.273  
 9.41575e-01 9.99580e-01 3.26358e+05  1.028  1.273  
 9.42039e-01 9.99589e-01 3.23441e+05  1.028  1.273  
 9.42499e-01 9.99598e-01 3.20550e+05  1.028  1.273  
 9.42955e-01 9.99607e-01 3.17687e+05  1.028  1.273  
 9.43408e-01 9.99615e-01 3.14849e+05  1.028  1.273  
 9.43856e-01 9.99624e-01 3.12038e+05  1.028  1.273  
 9.44301e-01 9.99632e-01 3.09253e+05  1.028  1.273  
 9.44743e-01 9.99640e-01 3.06494e+05  1.028  1.273  
 9.45180e-01 9.99647e-01 3.03760e+05  1.028  1.273  
 9.45615e-01 9.99655e-01 3.01051e+05  1.028  1.273  
 9.46045e-01 9.99662e-01 2.98367e+05  1.028  1.273  
 9.46472e-01 9.99669e-01 2.95708e+05  1.028  1.273  
 9.46896e-01 9.99677e-01 2.93073e+05  1.028  1.273  
 9.47315e-01 9.99684e-01 2.90463e+05  1.028  1.273  
 9.47732e-01 9.99690e-01 2.87876e+05  1.028  1.273  
 9.48145e-01 9.99697e-01 2.85313e+05  1.028  1.273  
 9.48554e-01 9.99704e-01 2.82774e+05  1.028  1.273  
 9.48961e-01 9.99710e-01 2.80258e+05  1.028  1.273  
 9.49364e-01 9.99716e-01 2.77765e+05  1.028  1.273  
 9.49763e-01 9.99722e-01 2.75296e+05  1.028  1.273  
 9.50159e-01 9.99728e-01 2.72849e+05  1.028  1.273  
 9.50552e-01 9.99734e-01 2.70425e+05  1.028  1.273  
 9.50941e-01 9.99740e-01 2.68025e+05  1.028  1.273  
 9.51328e-01 9.99746e-01 2.65646e+05  1.028  1.273  
 9.51711e-01 9.99751e-01 2.63290e+05  1.028  1.273  
 9.52091e-01 9.99756e-01 2.60957e+05  1.028  1.273  
 9.52468e-01 9.99762e-01 2.58645e+05  1.028  1.273  
 9.52841e-01 9.99767e-01 2.56356e+05  1.028  1.273  
 9.53212e-01 9.99772e-01 2.54087e+05  1.028  1.273  
 9.53579e-01 9.99777e-01 2.51841e+05  1.028  1.273  
 9.53943e-01 9.99782e-01 2.49615e+05  1.028  1.273  
 9.54305e-01 9.99786e-01 2.47410e+05  1.028  1.273  
 9.54663e-01 9.99791e-01 2.45226e+05  1.028  1.273  
 9.55018e-01 9.99796e-01 2.43063e+05  1.028  1.273  
 9.55370e-01 9.99800e-01 2.40920e+05  1.028  1.273  
 9.55720e-01 9.99804e-01 2.38797e+05  1.028  1.273  
 9.56066e-01 9.99809e-01 2.36694e+05  1.028  1.273  
 9.56409e-01 9.99813e-01 2.34611e+05  1.028  1.273  
 9.56750e-01 9.99817e-01 2.32547e+05  1.028  1.273  
 9.57088e-01 9.99821e-01 2.30503e+05  1.028  1.273  
 9.57423e-01 9.99825e-01 2.28478e+05  1.028  1.273  
 9.57755e-01 9.99829e-01 2.26472e+05  1.028  1.273  
 9.58084e-01 9.99832e-01 2.24486e+05  1.028  1.273  
 9.58411e-01 9.99836e-01 2.22518e+05  1.028  1.273  
 9.58734e-01 9.99840e-01 2.20569e+05  1.028  1.273  
 9.59055e-01 9.99843e-01 2.18638e+05  1.028  1.273  
 9.59374e-01 9.99847e-01 2.16726e+05  1.028  1.273  
 9.59689e-01 9.99850e-01 2.14832e+05  1.028  1.273  
 9.60002e-01 9.99853e-01 2.12956e+05  1.028  1.273  
 9.60313e-01 9.99856e-01 2.11097e+05  1.028  1.273  
 9.60620e-01 9.99860e-01 2.09257e+05  1.028  1.273  
 9.60925e-01 9.99863e-01 2.07434e+05  1.028  1.273  
 9.61228e-01 9.99866e-01 2.05629e+05  1.028  1.273  
 9.61528e-01 9.99869e-01 2.03841e+05  1.028  1.273  
 9.61825e-01 9.99871e-01 2.02070e+05  1.028  1.273  
 9.62121e-01 9.99874e-01 2.00316e+05  1.028  1.273  
 9.62413e-01 9.99877e-01 1.98579e+05  1.028  1.273  
 9.62703e-01 9.99880e-01 1.96859e+05  1.028  1.273  
 9.62991e-01 9.99882e-01 1.95156e+05  1.028  1.273  
 9.63276e-01 9.99885e-01 1.93469e+05  1.028  1.273  
 9.63558e-01 9.99887e-01 1.91798e+05  1.028  1.273  
 9.63839e-01 9.99890e-01 1.90143e+05  1.028  1.273  
 9.64117e-01 9.99892e-01 1.88505e+05  1.028  1.273  
 9.64392e-01 9.99895e-01 1.86882e+05  1.028  1.273  
 9.64666e-01 9.99897e-01 1.85276e+05  1.028  1.273  
 9.64937e-01 9.99899e-01 1.83685e+05  1.028  1.273  
 9.65206e-01 9.99901e-01 1.82109e+05  1.028  1.273  
 9.65472e-01 9.99904e-01 1.80549e+05  1.028  1.273  
 9.65736e-01 9.99906e-01 1.79004e+05  1.028  1.273  
 9.65998e-01 9.99908e-01 1.77474e+05  1.028  1.273  
 9.66258e-01 9.99910e-01 1.75960e+05  1.028  1.273  
 9.66516e-01 9.99912e-01 1.74460e+05  1.028  1.273  
 9.66771e-01 9.99914e-01 1.72975e+05  1.028  1.273  
 9.67024e-01 9.99916e-01 1.71505e+05  1.028  1.273  
 9.67276e-01 9.99918e-01 1.70049e+05  1.028  1.273  
 9.67525e-01 9.99919e-01 1.68608e+05  1.028  1.273  
 9.67772e-01 9.99921e-01 1.67181e+05  1.028  1.273  
 9.68016e-01 9.99923e-01 1.65768e+05  1.028  1.273  
 9.68259e-01 9.99925e-01 1.64369e+05  1.028  1.273  
 9.68500e-01 9.99926e-01 1.62985e+05  1.028  1.273  
 9.68739e-01 9.99928e-01 1.61614e+05  1.028  1.273  
 9.68976e-01 9.99929e-01 1.60256e+05  1.028  1.273  
 9.69210e-01 9.99931e-01 1.58912e+05  1.028  1.273  
 9.69443e-01 9.99933e-01 1.57582e+05  1.028  1.273  
 9.69674e-01 9.99934e-01 1.56265e+05  1.028  1.273  
 9.69903e-01 9.99935e-01 1.54961e+05  1.028  1.273  
 9.70130e-01 9.99937e-01 1.53670e+05  1.028  1.273  
 9.70355e-01 9.99938e-01 1.52392e+05  1.028  1.273  
 9.70579e-01 9.99940e-01 1.51126e+05  1.028  1.273  
 9.70800e-01 9.99941e-01 1.49874e+05  1.028  1.273  
 9.71019e-01 9.99942e-01 1.48634e+05  1.028  1.273  
 9.71237e-01 9.99944e-01 1.47406e+05  1.028  1.273  
 9.71453e-01 9.99945e-01 1.46191e+05  1.028  1.273  
 9.71667e-01 9.99946e-01 1.44988e+05  1.028  1.273  
 9.71880e-01 9.99947e-01 1.43797e+05  1.028  1.273  
 9.72090e-01 9.99948e-01 1.42617e+05  1.028  1.273  
 9.72299e-01 9.99950e-01 1.41450e+05  1.028  1.273  
 9.72506e-01 9.99951e-01 1.40294e+05  1.028  1.273  
 9.72711e-01 9.99952e-01 1.39150e+05  1.028  1.273  
 9.72915e-01 9.99953e-01 1.38018e+05  1.028  1.273  
 9.73117e-01 9.99954e-01 1.36896e+05  1.028  1.273  
 9.73317e-01 9.99955e-01 1.35786e+05  1.028  1.273  
 9.73516e-01 9.99956e-01 1.34686e+05  1.028  1.273  
 9.73713e-01 9.99957e-01 1.33598e+05  1.028  1.273  
 9.73908e-01 9.99958e-01 1.32520e+05  1.028  1.273  
 9.74102e-01 9.99959e-01 1.31453e+05  1.028  1.273  
 9.74295e-01 9.99960e-01 1.30396e+05  1.028  1.273  
 9.74485e-01 9.99961e-01 1.29350e+05  1.028  1.273  
 9.74674e-01 9.99961e-01 1.28314e+05  1.028  1.273  
 9.74862e-01 9.99962e-01 1.27288e+05  1.028  1.273  
 9.75048e-01 9.99963e-01 1.26271e+05  1.028  1.273  
 9.75232e-01 9.99964e-01 1.25265e+05  1.028  1.273  
 9.75415e-01 9.99965e-01 1.24268e+05  1.028  1.273  
 9.75597e-01 9.99966e-01 1.23281e+05  1.028  1.273  
 9.75777e-01 9.99966e-01 1.22303e+05  1.028  1.273  
 9.75955e-01 9.99967e-01 1.21335e+05  1.028  1.273  
 9.76132e-01 9.99968e-01 1.20375e+05  1.028  1.273  
 9.76308e-01 9.99969e-01 1.19425e+05  1.028  1.273  
 9.76482e-01 9.99969e-01 1.18483e+05  1.028  1.273  
 9.76655e-01 9.99970e-01 1.17550e+05  1.028  1.273  
 9.76827e-01 9.99971e-01 1.16626e+05  1.028  1.273  
 9.76997e-01 9.99971e-01 1.15710e+05  1.028  1.273  
 9.77165e-01 9.99972e-01 1.14802e+05  1.028  1.273  
 9.77333e-01 9.99972e-01 1.13902e+05  1.028  1.273  
 9.77498e-01 9.99973e-01 1.13011e+05  1.028  1.273  
 9.77663e-01 9.99974e-01 1.12127e+05  1.028  1.273  
 9.77826e-01 9.99974e-01 1.11251e+05  1.028  1.273  
 9.77988e-01 9.99975e-01 1.10383e+05  1.028  1.273  
 9.78149e-01 9.99975e-01 1.09522e+05  1.028  1.273  
 9.78308e-01 9.99976e-01 1.08669e+05  1.028  1.273  
 9.78466e-01 9.99977e-01 1.07822e+05  1.028  1.273  
 9.78623e-01 9.99977e-01 1.06983e+05  1.028  1.273  
 9.78778e-01 9.99978e-01 1.06151e+05  1.028  1.273  
 9.78933e-01 9.99978e-01 1.05326e+05  1.028  1.273  
 9.79086e-01 9.99979e-01 1.04508e+05  1.028  1.273  
 9.79237e-01 9.99979e-01 1.03696e+05  1.028  1.273  
 9.79388e-01 9.99979e-01 1.02890e+05  1.028  1.273  
 9.79537e-01 9.99980e-01 1.02091e+05  1.028  1.273  
 9.79685e-01 9.99980e-01 1.01299e+05  1.028  1.273  
 9.79832e-01 9.99981e-01 1.00512e+05  1.028  1.273  
 9.79978e-01 9.99981e-01 9.97318e+04  1.028  1.273  
 9.80123e-01 9.99982e-01 9.89574e+04  1.028  1.273  
 9.80266e-01 9.99982e-01 9.81889e+04  1.028  1.273  
 9.80408e-01 9.99982e-01 9.74261e+04  1.028  1.273  
 9.80549e-01 9.99983e-01 9.66690e+04  1.028  1.273  
 9.80689e-01 9.99983e-01 9.59176e+04  1.028  1.273  
 9.80828e-01 9.99984e-01 9.51717e+04  1.028  1.273  
 9.80966e-01 9.99984e-01 9.44312e+04  1.028  1.273  
 9.81103e-01 9.99984e-01 9.36961e+04  1.028  1.273  
 9.81238e-01 9.99985e-01 9.29663e+04  1.028  1.273  
 9.81372e-01 9.99985e-01 9.22417e+04  1.028  1.273  
 9.81506e-01 9.99985e-01 9.15223e+04  1.028  1.273  
 9.81638e-01 9.99986e-01 9.08079e+04  1.028  1.273  
 9.81769e-01 9.99986e-01 9.00986e+04  1.028  1.273  
 9.81899e-01 9.99986e-01 8.93942e+04  1.028  1.273  
 9.82028e-01 9.99987e-01 8.86947e+04  1.028  1.273  
 9.82156e-01 9.99987e-01 8.80002e+04  1.028  1.273  
 9.82283e-01 9.99987e-01 8.73104e+04  1.028  1.273  
 9.82409e-01 9.99988e-01 8.66255e+04  1.028  1.273  
 9.82534e-01 9.99988e-01 8.59453e+04  1.028  1.273  
 9.82657e-01 9.99988e-01 8.52699e+04  1.028  1.273  
 9.82780e-01 9.99988e-01 8.45992e+04  1.028  1.273  
 9.82902e-01 9.99989e-01 8.39332e+04  1.028  1.273  
 9.83023e-01 9.99989e-01 8.32719e+04  1.028  1.273  
 9.83143e-01 9.99989e-01 8.26153e+04  1.028  1.273  
 9.83261e-01 9.99989e-01 8.19633e+04  1.028  1.273  
 9.83379e-01 9.99990e-01 8.13160e+04  1.028  1.273  
 9.83496e-01 9.99990e-01 8.06733e+04  1.028  1.273  
 9.83612e-01 9.99990e-01 8.00352e+04  1.028  1.273  
 9.83727e-01 9.99990e-01 7.94017e+04  1.028  1.273  
 9.83841e-01 9.99990e-01 7.87729e+04  1.028  1.273  
 9.83954e-01 9.99991e-01 7.81487e+04  1.028  1.273  
 9.84066e-01 9.99991e-01 7.75291e+04  1.028  1.273  
 9.84177e-01 9.99991e-01 7.69141e+04  1.028  1.273  
 9.84287e-01 9.99991e-01 7.63038e+04  1.028  1.273  
 9.84396e-01 9.99992e-01 7.56981e+04  1.028  1.273  
 9.84505e-01 9.99992e-01 7.50971e+04  1.028  1.273  
 9.84612e-01 9.99992e-01 7.45008e+04  1.028  1.273  
 9.84719e-01 9.99992e-01 7.39092e+04  1.028  1.273  
 9.84824e-01 9.99992e-01 7.33223e+04  1.028  1.273  
 9.84929e-01 9.99992e-01 7.27401e+04  1.028  1.273  
 9.85033e-01 9.99993e-01 7.21626e+04  1.028  1.273  
 9.85136e-01 9.99993e-01 7.15900e+04  1.028  1.273  
 9.85238e-01 9.99993e-01 7.10220e+04  1.028  1.273  
 9.85340e-01 9.99993e-01 7.04589e+04  1.028  1.273  
 9.85440e-01 9.99993e-01 6.99005e+04  1.028  1.273  
 9.85540e-01 9.99993e-01 6.93470e+04  1.028  1.273  
 9.85638e-01 9.99994e-01 6.87982e+04  1.028  1.273  
 9.85736e-01 9.99994e-01 6.82543e+04  1.028  1.273  
 9.85833e-01 9.99994e-01 6.77152e+04  1.028  1.273  
 9.85930e-01 9.99994e-01 6.71809e+04  1.028  1.273  
 9.86025e-01 9.99994e-01 6.66515e+04  1.028  1.273  
 9.86120e-01 9.99994e-01 6.61269e+04  1.028  1.273  
 9.86214e-01 9.99994e-01 6.56072e+04  1.028  1.273  
 9.86307e-01 9.99994e-01 6.50923e+04  1.028  1.273  
 9.86399e-01 9.99995e-01 6.45823e+04  1.028  1.273  
 9.86491e-01 9.99995e-01 6.40771e+04  1.028  1.273  
 9.86582e-01 9.99995e-01 6.35768e+04  1.028  1.273  
 9.86672e-01 9.99995e-01 6.30814e+04  1.028  1.273  
 9.86761e-01 9.99995e-01 6.25908e+04  1.028  1.273  
 9.86850e-01 9.99995e-01 6.21050e+04  1.028  1.273  
 9.86937e-01 9.99995e-01 6.16241e+04  1.028  1.273  
 9.87024e-01 9.99995e-01 6.11481e+04  1.028  1.273  
 9.87111e-01 9.99996e-01 6.06768e+04  1.028  1.273  
 9.87196e-01 9.99996e-01 6.02103e+04  1.028  1.273  
 9.87281e-01 9.99996e-01 5.97486e+04  1.028  1.273  
 9.87365e-01 9.99996e-01 5.92917e+04  1.028  1.273  
 9.87449e-01 9.99996e-01 5.88396e+04  1.028  1.273  
 9.87532e-01 9.99996e-01 5.83922e+04  1.028  1.273  
 9.87614e-01 9.99996e-01 5.79495e+04  1.028  1.273  
 9.87695e-01 9.99996e-01 5.75115e+04  1.028  1.273  
 9.87776e-01 9.99996e-01 5.70782e+04  1.028  1.273  
 9.87856e-01 9.99996e-01 5.66496e+04  1.028  1.273  
 9.87936e-01 9.99996e-01 5.62256e+04  1.028  1.273  
 9.88014e-01 9.99997e-01 5.58062e+04  1.028  1.273  
 9.88093e-01 9.99997e-01 5.53914e+04  1.028  1.273  
 9.88170e-01 9.99997e-01 5.49812e+04  1.028  1.273  
 9.88247e-01 9.99997e-01 5.45755e+04  1.028  1.273  
 9.88323e-01 9.99997e-01 5.41743e+04  1.028  1.273  
 9.88399e-01 9.99997e-01 5.37776e+04  1.028  1.273  
 9.88474e-01 9.99997e-01 5.33853e+04  1.028  1.273  
 9.88549e-01 9.99997e-01 5.29974e+04  1.028  1.273  
 9.88622e-01 9.99997e-01 5.26139e+04  1.028  1.273  
 9.88696e-01 9.99997e-01 5.22347e+04  1.028  1.273  
 9.88768e-01 9.99997e-01 5.18598e+04  1.028  1.273  
 9.88840e-01 9.99997e-01 5.14892e+04  1.028  1.273  
 9.88912e-01 9.99997e-01 5.11227e+04  1.028  1.273  
 9.88983e-01 9.99997e-01 5.07605e+04  1.028  1.273  
 9.89053e-01 9.99997e-01 5.04024e+04  1.028  1.273  
 9.89123e-01 9.99998e-01 5.00484e+04  1.028  1.273  
 9.89192e-01 9.99998e-01 4.96985e+04  1.028  1.273  
 9.89261e-01 9.99998e-01 4.93526e+04  1.028  1.273  
 9.89329e-01 9.99998e-01 4.90107e+04  1.028  1.273  
 9.89397e-01 9.99998e-01 4.86727e+04  1.028  1.273  
 9.89464e-01 9.99998e-01 4.83386e+04  1.028  1.273  
 9.89531e-01 9.99998e-01 4.80084e+04  1.028  1.273  
 9.89597e-01 9.99998e-01 4.76820e+04  1.028  1.273  
 9.89663e-01 9.99998e-01 4.73594e+04  1.028  1.273  
 9.89728e-01 9.99998e-01 4.70405e+04  1.028  1.273  
 9.89792e-01 9.99998e-01 4.67253e+04  1.028  1.273  
 9.89856e-01 9.99998e-01 4.64137e+04  1.028  1.273  
 9.89920e-01 9.99998e-01 4.61057e+04  1.028  1.273  
 9.89983e-01 9.99998e-01 4.58012e+04  1.028  1.273  
 9.90046e-01 9.99998e-01 4.55002e+04  1.028  1.273  
 9.90108e-01 9.99998e-01 4.52026e+04  1.028  1.273  
 9.90170e-01 9.99998e-01 4.49084e+04  1.028  1.273  
 9.90231e-01 9.99998e-01 4.46176e+04  1.028  1.273  
 9.90292e-01 9.99998e-01 4.43301e+04  1.028  1.273  
 9.90352e-01 9.99998e-01 4.40458e+04  1.028  1.273  
 9.90412e-01 9.99998e-01 4.37648e+04  1.028  1.273  
 9.90472e-01 9.99998e-01 4.34869e+04  1.028  1.273  
 9.90531e-01 9.99999e-01 4.32122e+04  1.028  1.273  
 9.90589e-01 9.99999e-01 4.29405e+04  1.028  1.273  
 9.90648e-01 9.99999e-01 4.26719e+04  1.028  1.273  
 9.90705e-01 9.99999e-01 4.24063e+04  1.028  1.273  
 9.90763e-01 9.99999e-01 4.21436e+04  1.028  1.273  
 9.90820e-01 9.99999e-01 4.18839e+04  1.028  1.273  
 9.90876e-01 9.99999e-01 4.16269e+04  1.028  1.273  
 9.90932e-01 9.99999e-01 4.13728e+04  1.028  1.273  
 9.90988e-01 9.99999e-01 4.11215e+04  1.028  1.273  
 9.91044e-01 9.99999e-01 4.08728e+04  1.028  1.273  
 9.91098e-01 9.99999e-01 4.06269e+04  1.028  1.273  
 9.91153e-01 9.99999e-01 4.03835e+04  1.028  1.273  
 9.91207e-01 9.99999e-01 4.01428e+04  1.028  1.273  
 9.91261e-01 9.99999e-01 3.99045e+04  1.028  1.273  
 9.91315e-01 9.99999e-01 3.96688e+04  1.028  1.273  
 9.91368e-01 9.99999e-01 3.94356e+04  1.028  1.273  
 9.91420e-01 9.99999e-01 3.92048e+04  1.028  1.273  
 9.91473e-01 9.99999e-01 3.89765e+04  1.028  1.273  
 9.91525e-01 9.99999e-01 3.87504e+04  1.028  1.273  
 9.91576e-01 9.99999e-01 3.85268e+04  1.028  1.273  
 9.91628e-01 9.99999e-01 3.83054e+04  1.028  1.273  
 9.91679e-01 9.99999e-01 3.80862e+04  1.028  1.273  
 9.91729e-01 9.99999e-01 3.78693e+04  1.028  1.273  
 9.91779e-01 9.99999e-01 3.76545e+04  1.028  1.273  
 9.91829e-01 9.99999e-01 3.74419e+04  1.028  1.273  
 9.91879e-01 9.99999e-01 3.72314e+04  1.028  1.273  
 9.91928e-01 9.99999e-01 3.70230e+04  1.028  1.273  
 9.91977e-01 9.99999e-01 3.68166e+04  1.028  1.273  
 9.92026e-01 9.99999e-01 3.66122e+04  1.028  1.273  
 9.92074e-01 9.99999e-01 3.64098e+04  1.028  1.273  
 9.92122e-01 9.99999e-01 3.62093e+04  1.028  1.273  
 9.92169e-01 9.99999e-01 3.60108e+04  1.028  1.273  
 9.92217e-01 9.99999e-01 3.58142e+04  1.028  1.273  
 9.92264e-01 9.99999e-01 3.56194e+04  1.028  1.273  
 9.92310e-01 9.99999e-01 3.54265e+04  1.028  1.273  
 9.92357e-01 9.99999e-01 3.52353e+04  1.028  1.273  
 9.92403e-01 9.99999e-01 3.50460e+04  1.028  1.273  
 9.92449e-01 9.99999e-01 3.48585e+04  1.028  1.273  
 9.92494e-01 9.99999e-01 3.46727e+04  1.028  1.273  
 9.92539e-01 9.99999e-01 3.44886e+04  1.028  1.273  
 9.92584e-01 9.99999e-01 3.43062e+04  1.028  1.273  
 9.92629e-01 9.99999e-01 3.41254e+04  1.028  1.273  
 9.92673e-01 9.99999e-01 3.39464e+04  1.028  1.273  
 9.92717e-01 9.99999e-01 3.37689e+04  1.028  1.273  
 9.92761e-01 9.99999e-01 3.35930e+04  1.028  1.273  
 9.92805e-01 9.99999e-01 3.34187e+04  1.028  1.273  
 9.92848e-01 9.99999e-01 3.32460e+04  1.028  1.273  
 9.92891e-01 9.99999e-01 3.30748e+04  1.028  1.273  
 9.92976e-01 1.00000e+00 3.27370e+04  1.028  1.273  
 9.93060e-01 1.00000e+00 3.24051e+04  1.028  1.273  
 9.93143e-01 1.00000e+00 3.20791e+04  1.028  1.273  
 9.93225e-01 1.00000e+00 3.17588e+04  1.028  1.273  
 9.93306e-01 1.00000e+00 3.14440e+04  1.028  1.273  
 9.93386e-01 1.00000e+00 3.11346e+04  1.028  1.273  
 9.93465e-01 1.00000e+00 3.08306e+04  1.028  1.273  
 9.93543e-01 1.00000e+00 3.05318e+04  1.028  1.273  
 9.93620e-01 1.00000e+00 3.02380e+04  1.028  1.273  
 9.93696e-01 1.00000e+00 2.99493e+04  1.028  1.273  
 9.93772e-01 1.00000e+00 2.96654e+04  1.028  1.273  
 9.93846e-01 1.00000e+00 2.93863e+04  1.028  1.273  
 9.93920e-01 1.00000e+00 2.91120e+04  1.028  1.273  
 9.93992e-01 1.00000e+00 2.88422e+04  1.028  1.273  
 9.94064e-01 1.00000e+00 2.85770e+04  1.028  1.273  
 9.94170e-01 1.00000e+00 2.81875e+04  1.028  1.273  
 9.94275e-01 1.00000e+00 2.78076e+04  1.028  1.273  
 9.94377e-01 1.00000e+00 2.74371e+04  1.028  1.273  
 9.94478e-01 1.00000e+00 2.70758e+04  1.028  1.273  
 9.94578e-01 1.00000e+00 2.67234e+04  1.028  1.273  
 9.94675e-01 1.00000e+00 2.63795e+04  1.028  1.273  
 9.94803e-01 1.00000e+00 2.59339e+04  1.028  1.273  
 9.94927e-01 1.00000e+00 2.55024e+04  1.028  1.273  
 9.95050e-01 1.00000e+00 2.50846e+04  1.028  1.273  
 9.95199e-01 1.00000e+00 2.45804e+04  1.028  1.273  
 9.95344e-01 1.00000e+00 2.40953e+04  1.028  1.273  
 9.95513e-01 1.00000e+00 2.35370e+04  1.028  1.273  
 9.95704e-01 1.00000e+00 2.29163e+04  1.028  1.273  
 9.95914e-01 1.00000e+00 2.22442e+04  1.028  1.273  
 9.96141e-01 1.00000e+00 2.15312e+04  1.028  1.273  
 9.96427e-01 1.00000e+00 2.06449e+04  1.028  1.273  
 9.96785e-01 1.00000e+00 1.95625e+04  1.028  1.273  
 9.97326e-01 1.00000e+00 1.79493e+04  1.028  1.273  
 9.97518e-01 1.00000e+00 1.73887e+04  1.028  1.273  
