   R/R_sun      m/M_sun       T         Li    Be 
 1.04579e-02 1.00192e-07 1.86950e+06  3.303  1.442  
 1.06196e-02 1.04914e-07 1.86950e+06  3.303  1.442  
 1.07839e-02 1.09858e-07 1.86950e+06  3.303  1.442  
 1.09508e-02 1.15036e-07 1.86950e+06  3.303  1.442  
 1.11201e-02 1.20457e-07 1.86950e+06  3.303  1.442  
 1.12922e-02 1.26134e-07 1.86949e+06  3.303  1.442  
 1.14668e-02 1.32079e-07 1.86949e+06  3.303  1.442  
 1.16442e-02 1.38304e-07 1.86949e+06  3.303  1.442  
 1.18244e-02 1.44822e-07 1.86949e+06  3.303  1.442  
 1.20073e-02 1.51647e-07 1.86949e+06  3.303  1.442  
 1.21930e-02 1.58794e-07 1.86949e+06  3.303  1.442  
 1.23816e-02 1.66278e-07 1.86949e+06  3.303  1.442  
 1.25731e-02 1.74114e-07 1.86949e+06  3.303  1.442  
 1.27676e-02 1.82320e-07 1.86948e+06  3.303  1.442  
 1.29651e-02 1.90912e-07 1.86948e+06  3.303  1.442  
 1.31657e-02 1.99910e-07 1.86948e+06  3.303  1.442  
 1.33694e-02 2.09331e-07 1.86948e+06  3.303  1.442  
 1.35762e-02 2.19196e-07 1.86948e+06  3.303  1.442  
 1.37862e-02 2.29527e-07 1.86948e+06  3.303  1.442  
 1.39995e-02 2.40344e-07 1.86948e+06  3.303  1.442  
 1.42160e-02 2.51671e-07 1.86948e+06  3.303  1.442  
 1.44359e-02 2.63532e-07 1.86947e+06  3.303  1.442  
 1.46592e-02 2.75952e-07 1.86947e+06  3.303  1.442  
 1.48860e-02 2.88957e-07 1.86947e+06  3.303  1.442  
 1.51163e-02 3.02575e-07 1.86947e+06  3.303  1.442  
 1.53501e-02 3.16835e-07 1.86947e+06  3.303  1.442  
 1.55876e-02 3.31767e-07 1.86946e+06  3.303  1.442  
 1.58287e-02 3.47403e-07 1.86946e+06  3.303  1.442  
 1.60736e-02 3.63776e-07 1.86946e+06  3.303  1.442  
 1.63222e-02 3.80920e-07 1.86946e+06  3.303  1.442  
 1.65747e-02 3.98872e-07 1.86946e+06  3.303  1.442  
 1.68311e-02 4.17670e-07 1.86946e+06  3.303  1.442  
 1.70915e-02 4.37354e-07 1.86945e+06  3.303  1.442  
 1.73558e-02 4.57966e-07 1.86945e+06  3.303  1.442  
 1.76243e-02 4.79550e-07 1.86945e+06  3.303  1.442  
 1.78970e-02 5.02150e-07 1.86945e+06  3.303  1.442  
 1.81738e-02 5.25816e-07 1.86944e+06  3.303  1.442  
 1.84550e-02 5.50597e-07 1.86944e+06  3.303  1.442  
 1.87405e-02 5.76545e-07 1.86944e+06  3.303  1.442  
 1.90304e-02 6.03717e-07 1.86944e+06  3.303  1.442  
 1.93248e-02 6.32169e-07 1.86943e+06  3.303  1.442  
 1.96237e-02 6.61963e-07 1.86943e+06  3.303  1.442  
 1.99273e-02 6.93160e-07 1.86943e+06  3.303  1.442  
 2.02355e-02 7.25828e-07 1.86942e+06  3.303  1.442  
 2.05486e-02 7.60035e-07 1.86942e+06  3.303  1.442  
 2.08664e-02 7.95854e-07 1.86942e+06  3.303  1.442  
 2.11892e-02 8.33362e-07 1.86942e+06  3.303  1.442  
 2.15170e-02 8.72637e-07 1.86941e+06  3.303  1.442  
 2.18499e-02 9.13763e-07 1.86941e+06  3.303  1.442  
 2.21879e-02 9.56827e-07 1.86940e+06  3.303  1.442  
 2.25311e-02 1.00192e-06 1.86940e+06  3.303  1.442  
 2.28797e-02 1.04914e-06 1.86940e+06  3.303  1.442  
 2.32336e-02 1.09858e-06 1.86939e+06  3.303  1.442  
 2.35930e-02 1.15036e-06 1.86939e+06  3.303  1.442  
 2.39580e-02 1.20457e-06 1.86938e+06  3.303  1.442  
 2.43286e-02 1.26134e-06 1.86938e+06  3.303  1.442  
 2.47050e-02 1.32079e-06 1.86938e+06  3.303  1.442  
 2.50872e-02 1.38304e-06 1.86937e+06  3.303  1.442  
 2.54753e-02 1.44822e-06 1.86936e+06  3.303  1.442  
 2.58693e-02 1.51647e-06 1.86936e+06  3.303  1.442  
 2.62695e-02 1.58794e-06 1.86936e+06  3.303  1.442  
 2.66759e-02 1.66278e-06 1.86935e+06  3.303  1.442  
 2.70886e-02 1.74114e-06 1.86934e+06  3.303  1.442  
 2.75077e-02 1.82320e-06 1.86934e+06  3.303  1.442  
 2.79332e-02 1.90912e-06 1.86933e+06  3.303  1.442  
 2.83653e-02 1.99910e-06 1.86933e+06  3.303  1.442  
 2.88041e-02 2.09331e-06 1.86932e+06  3.303  1.442  
 2.92498e-02 2.19196e-06 1.86931e+06  3.303  1.442  
 2.97022e-02 2.29527e-06 1.86931e+06  3.303  1.442  
 3.01617e-02 2.40344e-06 1.86930e+06  3.303  1.442  
 3.06283e-02 2.51671e-06 1.86929e+06  3.303  1.442  
 3.11022e-02 2.63532e-06 1.86929e+06  3.303  1.442  
 3.15833e-02 2.75952e-06 1.86928e+06  3.303  1.442  
 3.20719e-02 2.88957e-06 1.86927e+06  3.303  1.442  
 3.25681e-02 3.02575e-06 1.86926e+06  3.303  1.442  
 3.30719e-02 3.16835e-06 1.86926e+06  3.303  1.442  
 3.35836e-02 3.31767e-06 1.86925e+06  3.303  1.442  
 3.41031e-02 3.47403e-06 1.86924e+06  3.303  1.442  
 3.46307e-02 3.63776e-06 1.86923e+06  3.303  1.442  
 3.51665e-02 3.80920e-06 1.86922e+06  3.303  1.442  
 3.57105e-02 3.98872e-06 1.86921e+06  3.303  1.442  
 3.62630e-02 4.17670e-06 1.86920e+06  3.303  1.442  
 3.68240e-02 4.37354e-06 1.86919e+06  3.303  1.442  
 3.73937e-02 4.57966e-06 1.86918e+06  3.303  1.442  
 3.79722e-02 4.79550e-06 1.86917e+06  3.303  1.442  
 3.85597e-02 5.02150e-06 1.86916e+06  3.303  1.442  
 3.91562e-02 5.25816e-06 1.86915e+06  3.303  1.442  
 3.97620e-02 5.50597e-06 1.86914e+06  3.303  1.442  
 4.03771e-02 5.76545e-06 1.86912e+06  3.303  1.442  
 4.10018e-02 6.03717e-06 1.86911e+06  3.303  1.442  
 4.16362e-02 6.32169e-06 1.86910e+06  3.303  1.442  
 4.22803e-02 6.61963e-06 1.86908e+06  3.303  1.442  
 4.29344e-02 6.93160e-06 1.86907e+06  3.303  1.442  
 4.35987e-02 7.25828e-06 1.86906e+06  3.303  1.442  
 4.42732e-02 7.60035e-06 1.86904e+06  3.303  1.442  
 4.49582e-02 7.95854e-06 1.86903e+06  3.303  1.442  
 4.56538e-02 8.33362e-06 1.86901e+06  3.303  1.442  
 4.63601e-02 8.72637e-06 1.86900e+06  3.303  1.442  
 4.70774e-02 9.13763e-06 1.86898e+06  3.303  1.442  
 4.78058e-02 9.56827e-06 1.86896e+06  3.303  1.442  
 4.85454e-02 1.00192e-05 1.86894e+06  3.303  1.442  
 4.92965e-02 1.04914e-05 1.86893e+06  3.303  1.442  
 5.00592e-02 1.09858e-05 1.86891e+06  3.303  1.442  
 5.08337e-02 1.15036e-05 1.86889e+06  3.303  1.442  
 5.16203e-02 1.20457e-05 1.86887e+06  3.303  1.442  
 5.24189e-02 1.26134e-05 1.86885e+06  3.303  1.442  
 5.32300e-02 1.32079e-05 1.86883e+06  3.303  1.442  
 5.40536e-02 1.38304e-05 1.86880e+06  3.303  1.442  
 5.48900e-02 1.44822e-05 1.86878e+06  3.303  1.442  
 5.57393e-02 1.51647e-05 1.86876e+06  3.303  1.442  
 5.66017e-02 1.58794e-05 1.86874e+06  3.303  1.442  
 5.74775e-02 1.66278e-05 1.86871e+06  3.303  1.442  
 5.83669e-02 1.74114e-05 1.86869e+06  3.303  1.442  
 5.92700e-02 1.82320e-05 1.86866e+06  3.303  1.442  
 6.01871e-02 1.90912e-05 1.86863e+06  3.303  1.442  
 6.11184e-02 1.99910e-05 1.86860e+06  3.303  1.442  
 6.20641e-02 2.09331e-05 1.86858e+06  3.303  1.442  
 6.30245e-02 2.19196e-05 1.86855e+06  3.303  1.442  
 6.39998e-02 2.29527e-05 1.86852e+06  3.303  1.442  
 6.49901e-02 2.40344e-05 1.86848e+06  3.303  1.442  
 6.59958e-02 2.51671e-05 1.86845e+06  3.303  1.442  
 6.70170e-02 2.63532e-05 1.86842e+06  3.303  1.442  
 6.80541e-02 2.75952e-05 1.86838e+06  3.303  1.442  
 6.91072e-02 2.88957e-05 1.86835e+06  3.303  1.442  
 7.01767e-02 3.02575e-05 1.86831e+06  3.303  1.442  
 7.12627e-02 3.16835e-05 1.86827e+06  3.303  1.442  
 7.23655e-02 3.31767e-05 1.86824e+06  3.303  1.442  
 7.34854e-02 3.47403e-05 1.86820e+06  3.303  1.442  
 7.46226e-02 3.63776e-05 1.86815e+06  3.303  1.442  
 7.57775e-02 3.80920e-05 1.86811e+06  3.303  1.442  
 7.69503e-02 3.98872e-05 1.86807e+06  3.303  1.442  
 7.81412e-02 4.17670e-05 1.86802e+06  3.303  1.442  
 7.93506e-02 4.37354e-05 1.86797e+06  3.303  1.442  
 8.05787e-02 4.57966e-05 1.86792e+06  3.303  1.442  
 8.18258e-02 4.79550e-05 1.86788e+06  3.303  1.442  
 8.30923e-02 5.02150e-05 1.86782e+06  3.303  1.442  
 8.43783e-02 5.25816e-05 1.86777e+06  3.303  1.442  
 8.56844e-02 5.50597e-05 1.86772e+06  3.303  1.442  
 8.70106e-02 5.76545e-05 1.86766e+06  3.303  1.442  
 8.83574e-02 6.03717e-05 1.86760e+06  3.303  1.442  
 8.97251e-02 6.32169e-05 1.86754e+06  3.303  1.442  
 9.11139e-02 6.61963e-05 1.86748e+06  3.303  1.442  
 9.25244e-02 6.93160e-05 1.86742e+06  3.303  1.442  
 9.39566e-02 7.25828e-05 1.86735e+06  3.303  1.442  
 9.54111e-02 7.60035e-05 1.86728e+06  3.303  1.442  
 9.68881e-02 7.95854e-05 1.86721e+06  3.303  1.442  
 9.83880e-02 8.33362e-05 1.86714e+06  3.303  1.442  
 9.99112e-02 8.72637e-05 1.86707e+06  3.303  1.442  
 1.01458e-01 9.13763e-05 1.86699e+06  3.303  1.442  
 1.03029e-01 9.56827e-05 1.86691e+06  3.303  1.442  
 1.04624e-01 1.00192e-04 1.86683e+06  3.303  1.442  
 1.06244e-01 1.04914e-04 1.86674e+06  3.303  1.442  
 1.07889e-01 1.09858e-04 1.86666e+06  3.303  1.442  
 1.09559e-01 1.15036e-04 1.86657e+06  3.303  1.442  
 1.11256e-01 1.20457e-04 1.86648e+06  3.303  1.442  
 1.12978e-01 1.26134e-04 1.86638e+06  3.303  1.442  
 1.14728e-01 1.32079e-04 1.86628e+06  3.303  1.442  
 1.16505e-01 1.38304e-04 1.86618e+06  3.303  1.442  
 1.18309e-01 1.44822e-04 1.86608e+06  3.303  1.442  
 1.20141e-01 1.51647e-04 1.86597e+06  3.303  1.442  
 1.22002e-01 1.58794e-04 1.86586e+06  3.303  1.442  
 1.23891e-01 1.66278e-04 1.86574e+06  3.303  1.442  
 1.25810e-01 1.74114e-04 1.86563e+06  3.303  1.442  
 1.27759e-01 1.82320e-04 1.86551e+06  3.303  1.442  
 1.29738e-01 1.90912e-04 1.86538e+06  3.303  1.442  
 1.31747e-01 1.99910e-04 1.86525e+06  3.303  1.442  
 1.33788e-01 2.09331e-04 1.86512e+06  3.303  1.442  
 1.35861e-01 2.19196e-04 1.86498e+06  3.303  1.442  
 1.37966e-01 2.29527e-04 1.86484e+06  3.303  1.442  
 1.40103e-01 2.40344e-04 1.86469e+06  3.303  1.442  
 1.42274e-01 2.51671e-04 1.86454e+06  3.303  1.442  
 1.44479e-01 2.63532e-04 1.86439e+06  3.303  1.442  
 1.46717e-01 2.75952e-04 1.86423e+06  3.303  1.442  
 1.48991e-01 2.88957e-04 1.86406e+06  3.303  1.442  
 1.51300e-01 3.02575e-04 1.86389e+06  3.303  1.442  
 1.53645e-01 3.16835e-04 1.86371e+06  3.303  1.442  
 1.56026e-01 3.31767e-04 1.86353e+06  3.303  1.442  
 1.58444e-01 3.47403e-04 1.86335e+06  3.303  1.442  
 1.60901e-01 3.63776e-04 1.86315e+06  3.303  1.442  
 1.63395e-01 3.80920e-04 1.86296e+06  3.303  1.442  
 1.65928e-01 3.98872e-04 1.86275e+06  3.303  1.442  
 1.68500e-01 4.17670e-04 1.86254e+06  3.303  1.442  
 1.71113e-01 4.37354e-04 1.86232e+06  3.303  1.442  
 1.73766e-01 4.57966e-04 1.86210e+06  3.303  1.442  
 1.76461e-01 4.79550e-04 1.86186e+06  3.303  1.442  
 1.79198e-01 5.02150e-04 1.86162e+06  3.303  1.442  
 1.81977e-01 5.25816e-04 1.86138e+06  3.303  1.442  
 1.84800e-01 5.50597e-04 1.86112e+06  3.303  1.442  
 1.87666e-01 5.76545e-04 1.86086e+06  3.303  1.442  
 1.90578e-01 6.03717e-04 1.86059e+06  3.303  1.442  
 1.93534e-01 6.32169e-04 1.86031e+06  3.303  1.442  
 1.96538e-01 6.61963e-04 1.86002e+06  3.303  1.442  
 1.99587e-01 6.93160e-04 1.85973e+06  3.303  1.442  
 2.02685e-01 7.25828e-04 1.85942e+06  3.303  1.442  
 2.05831e-01 7.60035e-04 1.85911e+06  3.303  1.442  
 2.09026e-01 7.95854e-04 1.85878e+06  3.303  1.442  
 2.12271e-01 8.33362e-04 1.85845e+06  3.303  1.442  
 2.15567e-01 8.72637e-04 1.85810e+06  3.303  1.442  
 2.18914e-01 9.13763e-04 1.85775e+06  3.303  1.442  
 2.22314e-01 9.56827e-04 1.85738e+06  3.303  1.442  
 2.25767e-01 1.00192e-03 1.85700e+06  3.303  1.442  
 2.29274e-01 1.04914e-03 1.85661e+06  3.303  1.442  
 2.32836e-01 1.09858e-03 1.85620e+06  3.303  1.442  
 2.36454e-01 1.15036e-03 1.85579e+06  3.303  1.442  
 2.40128e-01 1.20457e-03 1.85536e+06  3.303  1.442  
 2.43860e-01 1.26134e-03 1.85492e+06  3.303  1.442  
 2.47651e-01 1.32079e-03 1.85446e+06  3.303  1.442  
 2.51501e-01 1.38304e-03 1.85399e+06  3.303  1.442  
 2.55412e-01 1.44822e-03 1.85351e+06  3.303  1.442  
 2.59384e-01 1.51647e-03 1.85301e+06  3.303  1.442  
 2.63419e-01 1.58794e-03 1.85249e+06  3.303  1.442  
 2.67517e-01 1.66278e-03 1.85196e+06  3.303  1.442  
 2.71679e-01 1.74114e-03 1.85141e+06  3.303  1.442  
 2.75908e-01 1.82320e-03 1.85084e+06  3.303  1.442  
 2.80202e-01 1.90912e-03 1.85026e+06  3.303  1.442  
 2.84565e-01 1.99910e-03 1.84966e+06  3.303  1.442  
 2.88996e-01 2.09331e-03 1.84904e+06  3.303  1.442  
 2.93497e-01 2.19196e-03 1.84840e+06  3.303  1.442  
 2.98070e-01 2.29527e-03 1.84774e+06  3.303  1.442  
 3.02714e-01 2.40344e-03 1.84706e+06  3.303  1.442  
 3.07432e-01 2.51671e-03 1.84636e+06  3.303  1.442  
 3.12225e-01 2.63532e-03 1.84563e+06  3.303  1.442  
 3.17094e-01 2.75952e-03 1.84489e+06  3.303  1.442  
 3.22040e-01 2.88957e-03 1.84412e+06  3.303  1.442  
 3.27064e-01 3.02575e-03 1.84332e+06  3.303  1.442  
 3.32168e-01 3.16835e-03 1.84250e+06  3.303  1.442  
 3.37353e-01 3.31767e-03 1.84166e+06  3.303  1.442  
 3.42621e-01 3.47403e-03 1.84079e+06  3.303  1.442  
 3.47972e-01 3.63776e-03 1.83989e+06  3.303  1.442  
 3.53409e-01 3.80920e-03 1.83896e+06  3.303  1.442  
 3.58932e-01 3.98872e-03 1.83801e+06  3.303  1.442  
 3.64543e-01 4.17670e-03 1.83702e+06  3.303  1.442  
 3.70244e-01 4.37354e-03 1.83601e+06  3.303  1.442  
 3.76037e-01 4.57966e-03 1.83496e+06  3.303  1.442  
 3.81922e-01 4.79550e-03 1.83388e+06  3.303  1.442  
 3.87901e-01 5.02150e-03 1.83276e+06  3.303  1.442  
 3.93976e-01 5.25816e-03 1.83162e+06  3.303  1.442  
 4.00149e-01 5.50597e-03 1.83043e+06  3.303  1.442  
 4.06421e-01 5.76545e-03 1.82921e+06  3.303  1.442  
 4.12794e-01 6.03717e-03 1.82794e+06  3.303  1.442  
 4.19270e-01 6.32169e-03 1.82664e+06  3.303  1.442  
 4.25850e-01 6.61963e-03 1.82530e+06  3.303  1.442  
 4.32537e-01 6.93160e-03 1.82392e+06  3.303  1.442  
 4.39331e-01 7.25828e-03 1.82249e+06  3.303  1.442  
 4.46236e-01 7.60035e-03 1.82102e+06  3.303  1.442  
 4.53253e-01 7.95854e-03 1.81950e+06  3.303  1.442  
 4.60385e-01 8.33362e-03 1.81793e+06  3.303  1.442  
 4.67632e-01 8.72637e-03 1.81632e+06  3.303  1.442  
 4.74997e-01 9.13763e-03 1.81465e+06  3.303  1.442  
 4.82483e-01 9.56827e-03 1.81293e+06  3.303  1.442  
 4.90091e-01 1.00192e-02 1.81116e+06  3.303  1.442  
 4.97824e-01 1.04914e-02 1.80933e+06  3.303  1.442  
 5.05684e-01 1.09858e-02 1.80744e+06  3.303  1.442  
 5.13673e-01 1.15036e-02 1.80549e+06  3.303  1.442  
 5.21794e-01 1.20457e-02 1.80349e+06  3.303  1.442  
 5.30050e-01 1.26134e-02 1.80142e+06  3.303  1.442  
 5.38441e-01 1.32079e-02 1.79928e+06  3.303  1.442  
 5.46972e-01 1.38304e-02 1.79708e+06  3.303  1.442  
 5.55645e-01 1.44822e-02 1.79480e+06  3.303  1.442  
 5.64463e-01 1.51647e-02 1.79246e+06  3.303  1.442  
 5.73428e-01 1.58794e-02 1.79004e+06  3.303  1.442  
 5.82543e-01 1.66278e-02 1.78754e+06  3.303  1.442  
 5.91811e-01 1.74114e-02 1.78496e+06  3.303  1.442  
 6.01235e-01 1.82320e-02 1.78231e+06  3.303  1.442  
 6.10818e-01 1.90912e-02 1.77957e+06  3.303  1.442  
 6.20563e-01 1.99910e-02 1.77674e+06  3.303  1.442  
 6.30474e-01 2.09331e-02 1.77382e+06  3.303  1.442  
 6.40553e-01 2.19196e-02 1.77081e+06  3.303  1.442  
 6.50805e-01 2.29527e-02 1.76771e+06  3.303  1.442  
 6.61232e-01 2.40344e-02 1.76450e+06  3.303  1.442  
 6.71838e-01 2.51671e-02 1.76120e+06  3.303  1.442  
 6.82628e-01 2.63532e-02 1.75778e+06  3.303  1.442  
 6.93604e-01 2.75952e-02 1.75426e+06  3.303  1.442  
 7.04771e-01 2.88957e-02 1.75063e+06  3.303  1.442  
 7.16132e-01 3.02575e-02 1.74688e+06  3.303  1.442  
 7.27693e-01 3.16835e-02 1.74302e+06  3.303  1.442  
 7.39456e-01 3.31767e-02 1.73903e+06  3.303  1.442  
 7.51428e-01 3.47403e-02 1.73491e+06  3.303  1.442  
 7.63611e-01 3.63776e-02 1.73066e+06  3.303  1.442  
 7.76011e-01 3.80920e-02 1.72627e+06  3.303  1.442  
 7.88634e-01 3.98872e-02 1.72174e+06  3.303  1.442  
 8.01483e-01 4.17670e-02 1.71707e+06  3.303  1.442  
 8.14564e-01 4.37354e-02 1.71225e+06  3.303  1.442  
 8.27882e-01 4.57966e-02 1.70727e+06  3.303  1.442  
 8.41444e-01 4.79550e-02 1.70213e+06  3.303  1.442  
 8.55254e-01 5.02150e-02 1.69683e+06  3.303  1.442  
 8.69320e-01 5.25816e-02 1.69136e+06  3.303  1.442  
 8.83646e-01 5.50597e-02 1.68570e+06  3.303  1.442  
 8.98239e-01 5.76545e-02 1.67987e+06  3.303  1.442  
 9.13107e-01 6.03717e-02 1.67385e+06  3.303  1.442  
 9.28256e-01 6.32169e-02 1.66763e+06  3.303  1.442  
 9.43694e-01 6.61963e-02 1.66121e+06  3.303  1.442  
 9.59427e-01 6.93160e-02 1.65458e+06  3.303  1.442  
 9.75464e-01 7.25828e-02 1.64773e+06  3.303  1.442  
 9.91814e-01 7.60035e-02 1.64066e+06  3.303  1.442  
 1.00848e+00 7.95854e-02 1.63336e+06  3.303  1.442  
 1.02548e+00 8.33362e-02 1.62582e+06  3.303  1.442  
 1.04282e+00 8.72637e-02 1.61803e+06  3.303  1.442  
 1.06051e+00 9.13763e-02 1.60998e+06  3.303  1.442  
 1.07855e+00 9.56827e-02 1.60167e+06  3.303  1.442  
 1.09697e+00 1.00192e-01 1.59309e+06  3.303  1.442  
 1.11576e+00 1.04914e-01 1.58422e+06  3.303  1.442  
 1.13495e+00 1.09858e-01 1.57505e+06  3.303  1.442  
 1.15454e+00 1.15036e-01 1.56558e+06  3.303  1.442  
 1.17455e+00 1.20457e-01 1.55579e+06  3.303  1.442  
 1.19499e+00 1.26134e-01 1.54568e+06  3.303  1.442  
 1.21588e+00 1.32079e-01 1.53522e+06  3.303  1.442  
 1.23722e+00 1.38304e-01 1.52441e+06  3.303  1.442  
 1.25905e+00 1.44822e-01 1.51323e+06  3.303  1.442  
 1.28069e+00 1.51436e-01 1.50203e+06  3.303  1.442  
 1.30201e+00 1.58100e-01 1.49088e+06  3.303  1.442  
 1.32303e+00 1.64814e-01 1.47977e+06  3.303  1.442  
 1.34380e+00 1.71578e-01 1.46870e+06  3.303  1.442  
 1.36432e+00 1.78393e-01 1.45766e+06  3.303  1.442  
 1.38462e+00 1.85261e-01 1.44665e+06  3.303  1.442  
 1.40471e+00 1.92180e-01 1.43566e+06  3.303  1.442  
 1.42463e+00 1.99153e-01 1.42468e+06  3.303  1.442  
 1.44437e+00 2.06180e-01 1.41372e+06  3.303  1.442  
 1.46396e+00 2.13262e-01 1.40276e+06  3.303  1.442  
 1.48342e+00 2.20399e-01 1.39181e+06  3.303  1.442  
 1.50275e+00 2.27592e-01 1.38086e+06  3.303  1.442  
 1.52198e+00 2.34843e-01 1.36990e+06  3.303  1.442  
 1.54111e+00 2.42152e-01 1.35893e+06  3.303  1.442  
 1.56015e+00 2.49521e-01 1.34795e+06  3.303  1.442  
 1.57912e+00 2.56950e-01 1.33695e+06  3.303  1.442  
 1.59803e+00 2.64440e-01 1.32594e+06  3.303  1.442  
 1.61689e+00 2.71993e-01 1.31489e+06  3.303  1.442  
 1.63571e+00 2.79609e-01 1.30382e+06  3.303  1.442  
 1.65450e+00 2.87291e-01 1.29272e+06  3.303  1.442  
 1.67327e+00 2.95039e-01 1.28159e+06  3.303  1.442  
 1.69202e+00 3.02855e-01 1.27041e+06  3.303  1.442  
 1.71079e+00 3.10740e-01 1.25919e+06  3.303  1.442  
 1.72956e+00 3.18696e-01 1.24792e+06  3.303  1.442  
 1.74835e+00 3.26724e-01 1.23661e+06  3.303  1.442  
 1.76691e+00 3.34716e-01 1.22539e+06  3.303  1.442  
 1.78525e+00 3.42667e-01 1.21428e+06  3.303  1.442  
 1.80338e+00 3.50576e-01 1.20326e+06  3.303  1.442  
 1.82129e+00 3.58442e-01 1.19235e+06  3.303  1.442  
 1.83900e+00 3.66262e-01 1.18153e+06  3.303  1.442  
 1.85651e+00 3.74035e-01 1.17081e+06  3.303  1.442  
 1.87382e+00 3.81760e-01 1.16019e+06  3.303  1.442  
 1.89095e+00 3.89435e-01 1.14967e+06  3.303  1.442  
 1.90789e+00 3.97060e-01 1.13924e+06  3.303  1.442  
 1.92465e+00 4.04632e-01 1.12890e+06  3.303  1.442  
 1.94124e+00 4.12152e-01 1.11866e+06  3.303  1.442  
 1.95765e+00 4.19618e-01 1.10852e+06  3.303  1.442  
 1.97390e+00 4.27028e-01 1.09846e+06  3.303  1.442  
 1.98999e+00 4.34383e-01 1.08849e+06  3.303  1.442  
 2.00591e+00 4.41682e-01 1.07862e+06  3.303  1.442  
 2.02168e+00 4.48923e-01 1.06883e+06  3.303  1.442  
 2.03729e+00 4.56106e-01 1.05914e+06  3.303  1.442  
 2.05276e+00 4.63230e-01 1.04953e+06  3.303  1.442  
 2.06808e+00 4.70295e-01 1.04001e+06  3.303  1.442  
 2.08326e+00 4.77301e-01 1.03057e+06  3.303  1.442  
 2.09829e+00 4.84246e-01 1.02122e+06  3.303  1.442  
 2.11319e+00 4.91131e-01 1.01196e+06  3.303  1.442  
 2.12795e+00 4.97954e-01 1.00277e+06  3.303  1.442  
 2.14258e+00 5.04716e-01 9.93675e+05  3.303  1.442  
 2.15708e+00 5.11416e-01 9.84660e+05  3.303  1.442  
 2.17145e+00 5.18055e-01 9.75726e+05  3.303  1.442  
 2.18570e+00 5.24631e-01 9.66873e+05  3.303  1.442  
 2.19982e+00 5.31144e-01 9.58101e+05  3.303  1.442  
 2.21382e+00 5.37596e-01 9.49408e+05  3.303  1.442  
 2.22771e+00 5.43984e-01 9.40794e+05  3.303  1.442  
 2.24147e+00 5.50309e-01 9.32258e+05  3.303  1.442  
 2.25512e+00 5.56572e-01 9.23800e+05  3.303  1.442  
 2.26866e+00 5.62771e-01 9.15418e+05  3.303  1.442  
 2.28208e+00 5.68907e-01 9.07113e+05  3.303  1.442  
 2.29540e+00 5.74981e-01 8.98883e+05  3.303  1.442  
 2.30861e+00 5.80991e-01 8.90728e+05  3.303  1.442  
 2.32171e+00 5.86939e-01 8.82647e+05  3.303  1.442  
 2.33470e+00 5.92823e-01 8.74639e+05  3.303  1.442  
 2.34759e+00 5.98645e-01 8.66705e+05  3.303  1.442  
 2.36038e+00 6.04404e-01 8.58842e+05  3.303  1.442  
 2.37307e+00 6.10101e-01 8.51051e+05  3.303  1.442  
 2.38566e+00 6.15736e-01 8.43331e+05  3.303  1.442  
 2.39816e+00 6.21308e-01 8.35681e+05  3.303  1.442  
 2.41055e+00 6.26818e-01 8.28101e+05  3.303  1.442  
 2.42286e+00 6.32266e-01 8.20590e+05  3.303  1.442  
 2.43506e+00 6.37653e-01 8.13147e+05  3.303  1.442  
 2.44718e+00 6.42979e-01 8.05772e+05  3.303  1.442  
 2.45920e+00 6.48243e-01 7.98464e+05  3.303  1.442  
 2.47113e+00 6.53447e-01 7.91222e+05  3.303  1.442  
 2.48298e+00 6.58590e-01 7.84047e+05  3.303  1.442  
 2.49473e+00 6.63673e-01 7.76937e+05  3.303  1.442  
 2.50640e+00 6.68696e-01 7.69892e+05  3.303  1.442  
 2.51798e+00 6.73659e-01 7.62911e+05  3.303  1.442  
 2.52948e+00 6.78563e-01 7.55994e+05  3.303  1.442  
 2.54089e+00 6.83408e-01 7.49139e+05  3.303  1.442  
 2.55222e+00 6.88195e-01 7.42348e+05  3.303  1.442  
 2.56347e+00 6.92923e-01 7.35618e+05  3.303  1.442  
 2.57464e+00 6.97593e-01 7.28950e+05  3.303  1.442  
 2.58573e+00 7.02206e-01 7.22342e+05  3.303  1.442  
 2.59673e+00 7.06762e-01 7.15795e+05  3.303  1.442  
 2.60766e+00 7.11261e-01 7.09307e+05  3.303  1.442  
 2.61851e+00 7.15703e-01 7.02879e+05  3.303  1.442  
 2.62929e+00 7.20090e-01 6.96510e+05  3.303  1.442  
 2.63998e+00 7.24421e-01 6.90198e+05  3.303  1.442  
 2.65061e+00 7.28697e-01 6.83944e+05  3.303  1.442  
 2.66115e+00 7.32918e-01 6.77748e+05  3.303  1.442  
 2.67163e+00 7.37085e-01 6.71607e+05  3.303  1.442  
 2.68203e+00 7.41198e-01 6.65523e+05  3.303  1.442  
 2.69236e+00 7.45257e-01 6.59494e+05  3.303  1.442  
 2.70261e+00 7.49264e-01 6.53521e+05  3.303  1.442  
 2.71280e+00 7.53218e-01 6.47602e+05  3.303  1.442  
 2.72291e+00 7.57120e-01 6.41736e+05  3.303  1.442  
 2.73296e+00 7.60970e-01 6.35925e+05  3.303  1.442  
 2.74293e+00 7.64769e-01 6.30166e+05  3.303  1.442  
 2.75284e+00 7.68517e-01 6.24460e+05  3.303  1.442  
 2.76268e+00 7.72214e-01 6.18806e+05  3.303  1.442  
 2.77245e+00 7.75862e-01 6.13204e+05  3.303  1.442  
 2.78215e+00 7.79461e-01 6.07653e+05  3.303  1.442  
 2.79179e+00 7.83010e-01 6.02152e+05  3.303  1.442  
 2.80137e+00 7.86511e-01 5.96702e+05  3.303  1.442  
 2.81087e+00 7.89964e-01 5.91302e+05  3.303  1.442  
 2.82032e+00 7.93369e-01 5.85951e+05  3.303  1.442  
 2.82970e+00 7.96727e-01 5.80648e+05  3.303  1.442  
 2.83901e+00 8.00038e-01 5.75395e+05  3.303  1.442  
 2.84827e+00 8.03303e-01 5.70189e+05  3.303  1.442  
 2.85746e+00 8.06523e-01 5.65030e+05  3.303  1.442  
 2.86659e+00 8.09697e-01 5.59919e+05  3.303  1.442  
 2.87565e+00 8.12826e-01 5.54854e+05  3.303  1.442  
 2.88466e+00 8.15911e-01 5.49836e+05  3.303  1.442  
 2.89360e+00 8.18952e-01 5.44864e+05  3.303  1.442  
 2.90249e+00 8.21950e-01 5.39936e+05  3.303  1.442  
 2.91132e+00 8.24904e-01 5.35054e+05  3.303  1.442  
 2.92008e+00 8.27816e-01 5.30217e+05  3.303  1.442  
 2.92879e+00 8.30686e-01 5.25424e+05  3.303  1.442  
 2.93744e+00 8.33515e-01 5.20674e+05  3.303  1.442  
 2.94603e+00 8.36302e-01 5.15968e+05  3.303  1.442  
 2.95457e+00 8.39049e-01 5.11305e+05  3.303  1.442  
 2.96304e+00 8.41755e-01 5.06685e+05  3.303  1.442  
 2.97146e+00 8.44422e-01 5.02107e+05  3.303  1.442  
 2.97983e+00 8.47049e-01 4.97571e+05  3.303  1.442  
 2.98814e+00 8.49637e-01 4.93076e+05  3.303  1.442  
 2.99639e+00 8.52187e-01 4.88622e+05  3.303  1.442  
 3.00459e+00 8.54699e-01 4.84210e+05  3.303  1.442  
 3.01273e+00 8.57173e-01 4.79837e+05  3.303  1.442  
 3.02082e+00 8.59610e-01 4.75505e+05  3.303  1.442  
 3.02886e+00 8.62011e-01 4.71212e+05  3.303  1.442  
 3.03684e+00 8.64375e-01 4.66959e+05  3.303  1.442  
 3.04477e+00 8.66704e-01 4.62744e+05  3.303  1.442  
 3.05264e+00 8.68997e-01 4.58569e+05  3.303  1.442  
 3.06047e+00 8.71255e-01 4.54431e+05  3.303  1.442  
 3.06824e+00 8.73479e-01 4.50332e+05  3.303  1.442  
 3.07596e+00 8.75668e-01 4.46270e+05  3.303  1.442  
 3.08363e+00 8.77824e-01 4.42245e+05  3.303  1.442  
 3.09124e+00 8.79946e-01 4.38257e+05  3.303  1.442  
 3.09881e+00 8.82036e-01 4.34306e+05  3.303  1.442  
 3.10632e+00 8.84093e-01 4.30391e+05  3.303  1.442  
 3.11379e+00 8.86119e-01 4.26512e+05  3.303  1.442  
 3.12120e+00 8.88112e-01 4.22668e+05  3.303  1.442  
 3.12857e+00 8.90075e-01 4.18860e+05  3.303  1.442  
 3.13589e+00 8.92006e-01 4.15087e+05  3.303  1.442  
 3.14315e+00 8.93908e-01 4.11348e+05  3.303  1.442  
 3.15037e+00 8.95779e-01 4.07644e+05  3.303  1.442  
 3.15754e+00 8.97620e-01 4.03974e+05  3.303  1.442  
 3.16467e+00 8.99433e-01 4.00337e+05  3.303  1.442  
 3.17174e+00 9.01216e-01 3.96734e+05  3.303  1.442  
 3.17877e+00 9.02971e-01 3.93164e+05  3.303  1.442  
 3.18575e+00 9.04698e-01 3.89627e+05  3.303  1.442  
 3.19268e+00 9.06397e-01 3.86123e+05  3.303  1.442  
 3.19957e+00 9.08069e-01 3.82651e+05  3.303  1.442  
 3.20641e+00 9.09714e-01 3.79210e+05  3.303  1.442  
 3.21320e+00 9.11332e-01 3.75802e+05  3.303  1.442  
 3.21995e+00 9.12924e-01 3.72424e+05  3.303  1.442  
 3.22666e+00 9.14490e-01 3.69078e+05  3.303  1.442  
 3.23332e+00 9.16030e-01 3.65762e+05  3.303  1.442  
 3.23993e+00 9.17546e-01 3.62477e+05  3.303  1.442  
 3.24650e+00 9.19036e-01 3.59222e+05  3.303  1.442  
 3.25302e+00 9.20502e-01 3.55998e+05  3.303  1.442  
 3.25950e+00 9.21944e-01 3.52803e+05  3.303  1.442  
 3.26594e+00 9.23362e-01 3.49637e+05  3.303  1.442  
 3.27233e+00 9.24757e-01 3.46501e+05  3.303  1.442  
 3.27868e+00 9.26128e-01 3.43394e+05  3.303  1.442  
 3.28499e+00 9.27477e-01 3.40315e+05  3.303  1.442  
 3.29125e+00 9.28803e-01 3.37265e+05  3.303  1.442  
 3.29747e+00 9.30107e-01 3.34243e+05  3.303  1.442  
 3.30365e+00 9.31389e-01 3.31249e+05  3.303  1.442  
 3.30979e+00 9.32649e-01 3.28283e+05  3.303  1.442  
 3.31588e+00 9.33889e-01 3.25344e+05  3.303  1.442  
 3.32194e+00 9.35107e-01 3.22433e+05  3.303  1.442  
 3.32795e+00 9.36305e-01 3.19548e+05  3.303  1.442  
 3.33392e+00 9.37483e-01 3.16690e+05  3.303  1.442  
 3.33985e+00 9.38640e-01 3.13858e+05  3.303  1.442  
 3.34574e+00 9.39778e-01 3.11053e+05  3.303  1.442  
 3.35159e+00 9.40896e-01 3.08273e+05  3.303  1.442  
 3.35740e+00 9.41996e-01 3.05519e+05  3.303  1.442  
 3.36317e+00 9.43076e-01 3.02791e+05  3.303  1.442  
 3.36890e+00 9.44138e-01 3.00087e+05  3.303  1.442  
 3.37458e+00 9.45182e-01 2.97409e+05  3.303  1.442  
 3.38023e+00 9.46207e-01 2.94755e+05  3.303  1.442  
 3.38585e+00 9.47215e-01 2.92126e+05  3.303  1.442  
 3.39142e+00 9.48206e-01 2.89520e+05  3.303  1.442  
 3.39695e+00 9.49179e-01 2.86939e+05  3.303  1.442  
 3.40245e+00 9.50135e-01 2.84381e+05  3.303  1.442  
 3.40790e+00 9.51075e-01 2.81847e+05  3.303  1.442  
 3.41332e+00 9.51998e-01 2.79336e+05  3.303  1.442  
 3.41871e+00 9.52905e-01 2.76849e+05  3.303  1.442  
 3.42405e+00 9.53796e-01 2.74385e+05  3.303  1.442  
 3.42936e+00 9.54672e-01 2.71944e+05  3.303  1.442  
 3.43463e+00 9.55532e-01 2.69525e+05  3.303  1.442  
 3.43986e+00 9.56377e-01 2.67130e+05  3.303  1.442  
 3.44506e+00 9.57207e-01 2.64757e+05  3.303  1.442  
 3.45022e+00 9.58022e-01 2.62406e+05  3.303  1.442  
 3.45534e+00 9.58823e-01 2.60078e+05  3.303  1.442  
 3.46043e+00 9.59609e-01 2.57771e+05  3.303  1.442  
 3.46548e+00 9.60382e-01 2.55487e+05  3.303  1.442  
 3.47050e+00 9.61141e-01 2.53223e+05  3.303  1.442  
 3.47548e+00 9.61886e-01 2.50981e+05  3.303  1.442  
 3.48043e+00 9.62618e-01 2.48760e+05  3.303  1.442  
 3.48534e+00 9.63336e-01 2.46560e+05  3.303  1.442  
 3.49021e+00 9.64042e-01 2.44381e+05  3.303  1.442  
 3.49506e+00 9.64735e-01 2.42222e+05  3.303  1.442  
 3.49986e+00 9.65416e-01 2.40084e+05  3.303  1.442  
 3.50464e+00 9.66084e-01 2.37965e+05  3.303  1.442  
 3.50938e+00 9.66740e-01 2.35867e+05  3.303  1.442  
 3.51409e+00 9.67384e-01 2.33788e+05  3.303  1.442  
 3.51876e+00 9.68017e-01 2.31729e+05  3.303  1.442  
 3.52340e+00 9.68638e-01 2.29690e+05  3.303  1.442  
 3.52801e+00 9.69247e-01 2.27669e+05  3.303  1.442  
 3.53258e+00 9.69846e-01 2.25668e+05  3.303  1.442  
 3.53712e+00 9.70434e-01 2.23686e+05  3.303  1.442  
 3.54163e+00 9.71010e-01 2.21723e+05  3.303  1.442  
 3.54611e+00 9.71577e-01 2.19778e+05  3.303  1.442  
 3.55055e+00 9.72132e-01 2.17852e+05  3.303  1.442  
 3.55497e+00 9.72678e-01 2.15944e+05  3.303  1.442  
 3.55935e+00 9.73213e-01 2.14055e+05  3.303  1.442  
 3.56370e+00 9.73739e-01 2.12183e+05  3.303  1.442  
 3.56802e+00 9.74255e-01 2.10329e+05  3.303  1.442  
 3.57230e+00 9.74761e-01 2.08494e+05  3.303  1.442  
 3.57656e+00 9.75258e-01 2.06675e+05  3.303  1.442  
 3.58079e+00 9.75745e-01 2.04875e+05  3.303  1.442  
 3.58498e+00 9.76224e-01 2.03091e+05  3.303  1.442  
 3.58915e+00 9.76694e-01 2.01325e+05  3.303  1.442  
 3.59328e+00 9.77154e-01 1.99576e+05  3.303  1.442  
 3.59739e+00 9.77606e-01 1.97843e+05  3.303  1.442  
 3.60147e+00 9.78050e-01 1.96128e+05  3.303  1.442  
 3.60551e+00 9.78486e-01 1.94429e+05  3.303  1.442  
 3.60953e+00 9.78913e-01 1.92747e+05  3.303  1.442  
 3.61352e+00 9.79332e-01 1.91080e+05  3.303  1.442  
 3.61748e+00 9.79743e-01 1.89431e+05  3.303  1.442  
 3.62141e+00 9.80146e-01 1.87797e+05  3.303  1.442  
 3.62531e+00 9.80542e-01 1.86180e+05  3.303  1.442  
 3.62918e+00 9.80931e-01 1.84578e+05  3.303  1.442  
 3.63303e+00 9.81311e-01 1.82992e+05  3.303  1.442  
 3.63685e+00 9.81685e-01 1.81421e+05  3.303  1.442  
 3.64064e+00 9.82052e-01 1.79866e+05  3.303  1.442  
 3.64440e+00 9.82411e-01 1.78327e+05  3.303  1.442  
 3.64813e+00 9.82764e-01 1.76802e+05  3.303  1.442  
 3.65184e+00 9.83110e-01 1.75293e+05  3.303  1.442  
 3.65552e+00 9.83449e-01 1.73799e+05  3.303  1.442  
 3.65918e+00 9.83782e-01 1.72319e+05  3.303  1.442  
 3.66281e+00 9.84109e-01 1.70854e+05  3.303  1.442  
 3.66641e+00 9.84429e-01 1.69404e+05  3.303  1.442  
 3.66998e+00 9.84743e-01 1.67969e+05  3.303  1.442  
 3.67353e+00 9.85051e-01 1.66547e+05  3.303  1.442  
 3.67705e+00 9.85353e-01 1.65140e+05  3.303  1.442  
 3.68055e+00 9.85649e-01 1.63748e+05  3.303  1.442  
 3.68402e+00 9.85940e-01 1.62369e+05  3.303  1.442  
 3.68747e+00 9.86224e-01 1.61004e+05  3.303  1.442  
 3.69089e+00 9.86504e-01 1.59652e+05  3.303  1.442  
 3.69429e+00 9.86778e-01 1.58315e+05  3.303  1.442  
 3.69766e+00 9.87046e-01 1.56991e+05  3.303  1.442  
 3.70101e+00 9.87309e-01 1.55680e+05  3.303  1.442  
 3.70433e+00 9.87568e-01 1.54383e+05  3.303  1.442  
 3.70763e+00 9.87821e-01 1.53099e+05  3.303  1.442  
 3.71090e+00 9.88069e-01 1.51828e+05  3.303  1.442  
 3.71415e+00 9.88312e-01 1.50570e+05  3.303  1.442  
 3.71738e+00 9.88551e-01 1.49325e+05  3.303  1.442  
 3.72058e+00 9.88785e-01 1.48092e+05  3.303  1.442  
 3.72377e+00 9.89014e-01 1.46872e+05  3.303  1.442  
 3.72692e+00 9.89239e-01 1.45664e+05  3.303  1.442  
 3.73006e+00 9.89459e-01 1.44469e+05  3.303  1.442  
 3.73317e+00 9.89676e-01 1.43286e+05  3.303  1.442  
 3.73626e+00 9.89887e-01 1.42115e+05  3.303  1.442  
 3.73933e+00 9.90095e-01 1.40956e+05  3.303  1.442  
 3.74237e+00 9.90298e-01 1.39808e+05  3.303  1.442  
 3.74539e+00 9.90498e-01 1.38673e+05  3.303  1.442  
 3.74839e+00 9.90693e-01 1.37548e+05  3.303  1.442  
 3.75137e+00 9.90885e-01 1.36436e+05  3.303  1.442  
 3.75433e+00 9.91073e-01 1.35334e+05  3.303  1.442  
 3.75726e+00 9.91257e-01 1.34244e+05  3.303  1.442  
 3.76018e+00 9.91437e-01 1.33165e+05  3.303  1.442  
 3.76307e+00 9.91614e-01 1.32097e+05  3.303  1.442  
 3.76594e+00 9.91788e-01 1.31039e+05  3.303  1.442  
 3.76879e+00 9.91958e-01 1.29992e+05  3.303  1.442  
 3.77163e+00 9.92124e-01 1.28956e+05  3.303  1.442  
 3.77444e+00 9.92287e-01 1.27930e+05  3.303  1.442  
 3.77723e+00 9.92447e-01 1.26914e+05  3.303  1.442  
 3.78000e+00 9.92604e-01 1.25908e+05  3.303  1.442  
 3.78275e+00 9.92757e-01 1.24913e+05  3.303  1.442  
 3.78548e+00 9.92908e-01 1.23926e+05  3.303  1.442  
 3.78819e+00 9.93055e-01 1.22950e+05  3.303  1.442  
 3.79088e+00 9.93200e-01 1.21983e+05  3.303  1.442  
 3.79356e+00 9.93341e-01 1.21026e+05  3.303  1.442  
 3.79621e+00 9.93480e-01 1.20077e+05  3.303  1.442  
 3.79884e+00 9.93616e-01 1.19138e+05  3.303  1.442  
 3.80146e+00 9.93749e-01 1.18208e+05  3.303  1.442  
 3.80405e+00 9.93879e-01 1.17286e+05  3.303  1.442  
 3.80663e+00 9.94007e-01 1.16374e+05  3.303  1.442  
 3.80919e+00 9.94132e-01 1.15469e+05  3.303  1.442  
 3.81173e+00 9.94255e-01 1.14574e+05  3.303  1.442  
 3.81426e+00 9.94375e-01 1.13686e+05  3.303  1.442  
 3.81676e+00 9.94493e-01 1.12806e+05  3.303  1.442  
 3.81925e+00 9.94609e-01 1.11935e+05  3.303  1.442  
 3.82172e+00 9.94722e-01 1.11071e+05  3.303  1.442  
 3.82417e+00 9.94832e-01 1.10215e+05  3.303  1.442  
 3.82660e+00 9.94941e-01 1.09367e+05  3.303  1.442  
 3.82902e+00 9.95047e-01 1.08526e+05  3.303  1.442  
 3.83142e+00 9.95151e-01 1.07692e+05  3.303  1.442  
 3.83380e+00 9.95253e-01 1.06865e+05  3.303  1.442  
 3.83617e+00 9.95353e-01 1.06046e+05  3.303  1.442  
 3.83852e+00 9.95451e-01 1.05233e+05  3.303  1.442  
 3.84085e+00 9.95547e-01 1.04427e+05  3.303  1.442  
 3.84316e+00 9.95641e-01 1.03627e+05  3.303  1.442  
 3.84546e+00 9.95733e-01 1.02834e+05  3.303  1.442  
 3.84774e+00 9.95823e-01 1.02048e+05  3.303  1.442  
 3.85001e+00 9.95911e-01 1.01267e+05  3.303  1.442  
 3.85226e+00 9.95997e-01 1.00493e+05  3.303  1.442  
 3.85449e+00 9.96082e-01 9.97246e+04  3.303  1.442  
 3.85671e+00 9.96165e-01 9.89623e+04  3.303  1.442  
 3.85891e+00 9.96246e-01 9.82057e+04  3.303  1.442  
 3.86110e+00 9.96325e-01 9.74547e+04  3.303  1.442  
 3.86327e+00 9.96403e-01 9.67093e+04  3.303  1.442  
 3.86542e+00 9.96480e-01 9.59694e+04  3.303  1.442  
 3.86756e+00 9.96554e-01 9.52348e+04  3.303  1.442  
 3.86968e+00 9.96627e-01 9.45054e+04  3.303  1.442  
 3.87179e+00 9.96699e-01 9.37812e+04  3.303  1.442  
 3.87388e+00 9.96769e-01 9.30621e+04  3.303  1.442  
 3.87596e+00 9.96838e-01 9.23480e+04  3.303  1.442  
 3.87802e+00 9.96905e-01 9.16388e+04  3.303  1.442  
 3.88007e+00 9.96971e-01 9.09344e+04  3.303  1.442  
 3.88210e+00 9.97035e-01 9.02349e+04  3.303  1.442  
 3.88411e+00 9.97099e-01 8.95400e+04  3.303  1.442  
 3.88612e+00 9.97160e-01 8.88498e+04  3.303  1.442  
 3.88810e+00 9.97221e-01 8.81641e+04  3.303  1.442  
 3.89008e+00 9.97280e-01 8.74829e+04  3.303  1.442  
 3.89204e+00 9.97338e-01 8.68062e+04  3.303  1.442  
 3.89398e+00 9.97395e-01 8.61340e+04  3.303  1.442  
 3.89591e+00 9.97451e-01 8.54661e+04  3.303  1.442  
 3.89783e+00 9.97505e-01 8.48025e+04  3.303  1.442  
 3.89973e+00 9.97559e-01 8.41432e+04  3.303  1.442  
 3.90161e+00 9.97611e-01 8.34881e+04  3.303  1.442  
 3.90349e+00 9.97662e-01 8.28374e+04  3.303  1.442  
 3.90535e+00 9.97712e-01 8.21908e+04  3.303  1.442  
 3.90719e+00 9.97761e-01 8.15485e+04  3.303  1.442  
 3.90902e+00 9.97809e-01 8.09104e+04  3.303  1.442  
 3.91084e+00 9.97856e-01 8.02765e+04  3.303  1.442  
 3.91264e+00 9.97902e-01 7.96468e+04  3.303  1.442  
 3.91443e+00 9.97947e-01 7.90213e+04  3.303  1.442  
 3.91621e+00 9.97991e-01 7.84000e+04  3.303  1.442  
 3.91797e+00 9.98035e-01 7.77830e+04  3.303  1.442  
 3.91972e+00 9.98077e-01 7.71702e+04  3.303  1.442  
 3.92145e+00 9.98118e-01 7.65616e+04  3.303  1.442  
 3.92318e+00 9.98159e-01 7.59573e+04  3.303  1.442  
 3.92489e+00 9.98198e-01 7.53572e+04  3.303  1.442  
 3.92658e+00 9.98237e-01 7.47614e+04  3.303  1.442  
 3.92827e+00 9.98275e-01 7.41699e+04  3.303  1.442  
 3.92994e+00 9.98312e-01 7.35827e+04  3.303  1.442  
 3.93160e+00 9.98349e-01 7.29999e+04  3.303  1.442  
 3.93324e+00 9.98384e-01 7.24214e+04  3.303  1.442  
 3.93487e+00 9.98419e-01 7.18472e+04  3.303  1.442  
 3.93649e+00 9.98453e-01 7.12775e+04  3.303  1.442  
 3.93810e+00 9.98487e-01 7.07123e+04  3.303  1.442  
 3.93969e+00 9.98519e-01 7.01515e+04  3.303  1.442  
 3.94127e+00 9.98551e-01 6.95951e+04  3.303  1.442  
 3.94284e+00 9.98583e-01 6.90434e+04  3.303  1.442  
 3.94440e+00 9.98613e-01 6.84961e+04  3.303  1.442  
 3.94594e+00 9.98643e-01 6.79534e+04  3.303  1.442  
 3.94748e+00 9.98673e-01 6.74154e+04  3.303  1.442  
 3.94900e+00 9.98702e-01 6.68819e+04  3.303  1.442  
 3.95051e+00 9.98730e-01 6.63531e+04  3.303  1.442  
 3.95200e+00 9.98757e-01 6.58289e+04  3.303  1.442  
 3.95349e+00 9.98784e-01 6.53094e+04  3.303  1.442  
 3.95496e+00 9.98811e-01 6.47945e+04  3.303  1.442  
 3.95642e+00 9.98836e-01 6.42844e+04  3.303  1.442  
 3.95788e+00 9.98862e-01 6.37789e+04  3.303  1.442  
 3.95931e+00 9.98886e-01 6.32782e+04  3.303  1.442  
 3.96074e+00 9.98911e-01 6.27822e+04  3.303  1.442  
 3.96216e+00 9.98934e-01 6.22909e+04  3.303  1.442  
 3.96356e+00 9.98957e-01 6.18044e+04  3.303  1.442  
 3.96496e+00 9.98980e-01 6.13226e+04  3.303  1.442  
 3.96634e+00 9.99002e-01 6.08455e+04  3.303  1.442  
 3.96772e+00 9.99024e-01 6.03732e+04  3.303  1.442  
 3.96908e+00 9.99045e-01 5.99057e+04  3.303  1.442  
 3.97043e+00 9.99066e-01 5.94429e+04  3.303  1.442  
 3.97177e+00 9.99086e-01 5.89848e+04  3.303  1.442  
 3.97310e+00 9.99106e-01 5.85314e+04  3.303  1.442  
 3.97442e+00 9.99126e-01 5.80828e+04  3.303  1.442  
 3.97573e+00 9.99145e-01 5.76389e+04  3.303  1.442  
 3.97703e+00 9.99163e-01 5.71997e+04  3.303  1.442  
 3.97832e+00 9.99182e-01 5.67651e+04  3.303  1.442  
 3.97960e+00 9.99200e-01 5.63352e+04  3.303  1.442  
 3.98087e+00 9.99217e-01 5.59100e+04  3.303  1.442  
 3.98213e+00 9.99234e-01 5.54894e+04  3.303  1.442  
 3.98338e+00 9.99251e-01 5.50734e+04  3.303  1.442  
 3.98462e+00 9.99267e-01 5.46620e+04  3.303  1.442  
 3.98585e+00 9.99283e-01 5.42551e+04  3.303  1.442  
 3.98707e+00 9.99299e-01 5.38528e+04  3.303  1.442  
 3.98828e+00 9.99314e-01 5.34551e+04  3.303  1.442  
 3.98948e+00 9.99329e-01 5.30618e+04  3.303  1.442  
 3.99068e+00 9.99344e-01 5.26729e+04  3.303  1.442  
 3.99186e+00 9.99358e-01 5.22885e+04  3.303  1.442  
 3.99303e+00 9.99372e-01 5.19085e+04  3.303  1.442  
 3.99420e+00 9.99386e-01 5.15329e+04  3.303  1.442  
 3.99536e+00 9.99400e-01 5.11616e+04  3.303  1.442  
 3.99651e+00 9.99413e-01 5.07946e+04  3.303  1.442  
 3.99765e+00 9.99426e-01 5.04319e+04  3.303  1.442  
 3.99878e+00 9.99438e-01 5.00733e+04  3.303  1.442  
 3.99990e+00 9.99451e-01 4.97189e+04  3.303  1.442  
 4.00102e+00 9.99463e-01 4.93687e+04  3.303  1.442  
 4.00213e+00 9.99474e-01 4.90226e+04  3.303  1.442  
 4.00322e+00 9.99486e-01 4.86805e+04  3.303  1.442  
 4.00431e+00 9.99497e-01 4.83424e+04  3.303  1.442  
 4.00540e+00 9.99508e-01 4.80083e+04  3.303  1.442  
 4.00647e+00 9.99519e-01 4.76781e+04  3.303  1.442  
 4.00754e+00 9.99530e-01 4.73519e+04  3.303  1.442  
 4.00859e+00 9.99540e-01 4.70294e+04  3.303  1.442  
 4.00965e+00 9.99550e-01 4.67108e+04  3.303  1.442  
 4.01069e+00 9.99560e-01 4.63960e+04  3.303  1.442  
 4.01173e+00 9.99570e-01 4.60849e+04  3.303  1.442  
 4.01275e+00 9.99579e-01 4.57774e+04  3.303  1.442  
 4.01377e+00 9.99588e-01 4.54736e+04  3.303  1.442  
 4.01479e+00 9.99597e-01 4.51733e+04  3.303  1.442  
 4.01579e+00 9.99606e-01 4.48766e+04  3.303  1.442  
 4.01679e+00 9.99615e-01 4.45833e+04  3.303  1.442  
 4.01779e+00 9.99623e-01 4.42934e+04  3.303  1.442  
 4.01877e+00 9.99632e-01 4.40069e+04  3.303  1.442  
 4.01975e+00 9.99640e-01 4.37238e+04  3.303  1.442  
 4.02072e+00 9.99648e-01 4.34439e+04  3.303  1.442  
 4.02169e+00 9.99656e-01 4.31672e+04  3.303  1.442  
 4.02264e+00 9.99663e-01 4.28937e+04  3.303  1.442  
 4.02360e+00 9.99671e-01 4.26233e+04  3.303  1.442  
 4.02454e+00 9.99678e-01 4.23561e+04  3.303  1.442  
 4.02548e+00 9.99685e-01 4.20918e+04  3.303  1.442  
 4.02641e+00 9.99692e-01 4.18306e+04  3.303  1.442  
 4.02734e+00 9.99699e-01 4.15723e+04  3.303  1.442  
 4.02826e+00 9.99705e-01 4.13170e+04  3.303  1.442  
 4.02917e+00 9.99712e-01 4.10645e+04  3.303  1.442  
 4.03008e+00 9.99718e-01 4.08148e+04  3.303  1.442  
 4.03098e+00 9.99724e-01 4.05678e+04  3.303  1.442  
 4.03187e+00 9.99730e-01 4.03236e+04  3.303  1.442  
 4.03276e+00 9.99736e-01 4.00821e+04  3.303  1.442  
 4.03364e+00 9.99742e-01 3.98432e+04  3.303  1.442  
 4.03452e+00 9.99748e-01 3.96068e+04  3.303  1.442  
 4.03539e+00 9.99754e-01 3.93731e+04  3.303  1.442  
 4.03626e+00 9.99759e-01 3.91418e+04  3.303  1.442  
 4.03712e+00 9.99764e-01 3.89129e+04  3.303  1.442  
 4.03797e+00 9.99770e-01 3.86864e+04  3.303  1.442  
 4.03882e+00 9.99775e-01 3.84623e+04  3.303  1.442  
 4.03966e+00 9.99780e-01 3.82406e+04  3.303  1.442  
 4.04050e+00 9.99784e-01 3.80211e+04  3.303  1.442  
 4.04133e+00 9.99789e-01 3.78039e+04  3.303  1.442  
 4.04216e+00 9.99794e-01 3.75890e+04  3.303  1.442  
 4.04298e+00 9.99798e-01 3.73762e+04  3.303  1.442  
 4.04380e+00 9.99803e-01 3.71656e+04  3.303  1.442  
 4.04461e+00 9.99807e-01 3.69571e+04  3.303  1.442  
 4.04542e+00 9.99812e-01 3.67506e+04  3.303  1.442  
 4.04622e+00 9.99816e-01 3.65462e+04  3.303  1.442  
 4.04701e+00 9.99820e-01 3.63439e+04  3.303  1.442  
 4.04780e+00 9.99824e-01 3.61435e+04  3.303  1.442  
 4.04859e+00 9.99828e-01 3.59450e+04  3.303  1.442  
 4.04937e+00 9.99832e-01 3.57485e+04  3.303  1.442  
 4.05015e+00 9.99835e-01 3.55538e+04  3.303  1.442  
 4.05092e+00 9.99839e-01 3.53610e+04  3.303  1.442  
 4.05168e+00 9.99843e-01 3.51699e+04  3.303  1.442  
 4.05245e+00 9.99846e-01 3.49807e+04  3.303  1.442  
 4.05320e+00 9.99849e-01 3.47933e+04  3.303  1.442  
 4.05396e+00 9.99853e-01 3.46076e+04  3.303  1.442  
 4.05470e+00 9.99856e-01 3.44236e+04  3.303  1.442  
 4.05545e+00 9.99859e-01 3.42413e+04  3.303  1.442  
 4.05619e+00 9.99862e-01 3.40607e+04  3.303  1.442  
 4.05692e+00 9.99865e-01 3.38817e+04  3.303  1.442  
 4.05765e+00 9.99868e-01 3.37043e+04  3.303  1.442  
 4.05837e+00 9.99871e-01 3.35286e+04  3.303  1.442  
 4.05910e+00 9.99874e-01 3.33544e+04  3.303  1.442  
 4.05981e+00 9.99877e-01 3.31818e+04  3.303  1.442  
 4.06052e+00 9.99880e-01 3.30107e+04  3.303  1.442  
 4.06123e+00 9.99882e-01 3.28411e+04  3.303  1.442  
 4.06194e+00 9.99885e-01 3.26730e+04  3.303  1.442  
 4.06264e+00 9.99888e-01 3.25064e+04  3.303  1.442  
 4.06333e+00 9.99890e-01 3.23413e+04  3.303  1.442  
 4.06402e+00 9.99892e-01 3.21775e+04  3.303  1.442  
 4.06471e+00 9.99895e-01 3.20152e+04  3.303  1.442  
 4.06539e+00 9.99897e-01 3.18543e+04  3.303  1.442  
 4.06607e+00 9.99900e-01 3.16948e+04  3.303  1.442  
 4.06675e+00 9.99902e-01 3.15367e+04  3.303  1.442  
 4.06742e+00 9.99904e-01 3.13799e+04  3.303  1.442  
 4.06809e+00 9.99906e-01 3.12244e+04  3.303  1.442  
 4.06875e+00 9.99908e-01 3.10703e+04  3.303  1.442  
 4.06941e+00 9.99910e-01 3.09175e+04  3.303  1.442  
 4.07006e+00 9.99912e-01 3.07660e+04  3.303  1.442  
 4.07072e+00 9.99914e-01 3.06157e+04  3.303  1.442  
 4.07136e+00 9.99916e-01 3.04668e+04  3.303  1.442  
 4.07201e+00 9.99918e-01 3.03191e+04  3.303  1.442  
 4.07265e+00 9.99920e-01 3.01726e+04  3.303  1.442  
 4.07329e+00 9.99922e-01 3.00274e+04  3.303  1.442  
 4.07392e+00 9.99923e-01 2.98834e+04  3.303  1.442  
 4.07455e+00 9.99925e-01 2.97406e+04  3.303  1.442  
 4.07517e+00 9.99927e-01 2.95990e+04  3.303  1.442  
 4.07580e+00 9.99928e-01 2.94587e+04  3.303  1.442  
 4.07642e+00 9.99930e-01 2.93194e+04  3.303  1.442  
 4.07703e+00 9.99931e-01 2.91813e+04  3.303  1.442  
 4.07764e+00 9.99933e-01 2.90444e+04  3.303  1.442  
 4.07825e+00 9.99934e-01 2.89087e+04  3.303  1.442  
 4.07886e+00 9.99936e-01 2.87740e+04  3.303  1.442  
 4.07946e+00 9.99937e-01 2.86406e+04  3.303  1.442  
 4.08006e+00 9.99939e-01 2.85082e+04  3.303  1.442  
 4.08065e+00 9.99940e-01 2.83769e+04  3.303  1.442  
 4.08124e+00 9.99941e-01 2.82467e+04  3.303  1.442  
 4.08183e+00 9.99943e-01 2.81176e+04  3.303  1.442  
 4.08242e+00 9.99944e-01 2.79896e+04  3.303  1.442  
 4.08300e+00 9.99945e-01 2.78627e+04  3.303  1.442  
 4.08358e+00 9.99947e-01 2.77368e+04  3.303  1.442  
 4.08415e+00 9.99948e-01 2.76119e+04  3.303  1.442  
 4.08473e+00 9.99949e-01 2.74881e+04  3.303  1.442  
 4.08530e+00 9.99950e-01 2.73653e+04  3.303  1.442  
 4.08586e+00 9.99951e-01 2.72435e+04  3.303  1.442  
 4.08643e+00 9.99952e-01 2.71227e+04  3.303  1.442  
 4.08699e+00 9.99953e-01 2.70030e+04  3.303  1.442  
 4.08754e+00 9.99954e-01 2.68842e+04  3.303  1.442  
 4.08810e+00 9.99955e-01 2.67663e+04  3.303  1.442  
 4.08865e+00 9.99956e-01 2.66495e+04  3.303  1.442  
 4.08920e+00 9.99957e-01 2.65336e+04  3.303  1.442  
 4.08974e+00 9.99958e-01 2.64187e+04  3.303  1.442  
 4.09028e+00 9.99959e-01 2.63047e+04  3.303  1.442  
 4.09082e+00 9.99960e-01 2.61916e+04  3.303  1.442  
 4.09136e+00 9.99961e-01 2.60795e+04  3.303  1.442  
 4.09189e+00 9.99962e-01 2.59682e+04  3.303  1.442  
 4.09243e+00 9.99963e-01 2.58579e+04  3.303  1.442  
 4.09295e+00 9.99964e-01 2.57485e+04  3.303  1.442  
 4.09348e+00 9.99964e-01 2.56399e+04  3.303  1.442  
 4.09400e+00 9.99965e-01 2.55322e+04  3.303  1.442  
 4.09452e+00 9.99966e-01 2.54254e+04  3.303  1.442  
 4.09504e+00 9.99967e-01 2.53195e+04  3.303  1.442  
 4.09555e+00 9.99967e-01 2.52144e+04  3.303  1.442  
 4.09607e+00 9.99968e-01 2.51101e+04  3.303  1.442  
 4.09657e+00 9.99969e-01 2.50067e+04  3.303  1.442  
 4.09708e+00 9.99970e-01 2.49040e+04  3.303  1.442  
 4.09758e+00 9.99970e-01 2.48022e+04  3.303  1.442  
 4.09809e+00 9.99971e-01 2.47012e+04  3.303  1.442  
 4.09859e+00 9.99972e-01 2.46010e+04  3.303  1.442  
 4.09908e+00 9.99972e-01 2.45016e+04  3.303  1.442  
 4.09958e+00 9.99973e-01 2.44030e+04  3.303  1.442  
 4.10007e+00 9.99973e-01 2.43051e+04  3.303  1.442  
 4.10056e+00 9.99974e-01 2.42080e+04  3.303  1.442  
 4.10104e+00 9.99975e-01 2.41117e+04  3.303  1.442  
 4.10153e+00 9.99975e-01 2.40161e+04  3.303  1.442  
 4.10201e+00 9.99976e-01 2.39212e+04  3.303  1.442  
 4.10249e+00 9.99976e-01 2.38271e+04  3.303  1.442  
 4.10296e+00 9.99977e-01 2.37336e+04  3.303  1.442  
 4.10344e+00 9.99977e-01 2.36409e+04  3.303  1.442  
 4.10391e+00 9.99978e-01 2.35489e+04  3.303  1.442  
 4.10438e+00 9.99978e-01 2.34575e+04  3.303  1.442  
 4.10485e+00 9.99979e-01 2.33669e+04  3.303  1.442  
 4.10531e+00 9.99979e-01 2.32769e+04  3.303  1.442  
 4.10578e+00 9.99980e-01 2.31876e+04  3.303  1.442  
 4.10624e+00 9.99980e-01 2.30990e+04  3.303  1.442  
 4.10669e+00 9.99981e-01 2.30111e+04  3.303  1.442  
 4.10715e+00 9.99981e-01 2.29238e+04  3.303  1.442  
 4.10760e+00 9.99982e-01 2.28371e+04  3.303  1.442  
 4.10806e+00 9.99982e-01 2.27511e+04  3.303  1.442  
 4.10851e+00 9.99982e-01 2.26657e+04  3.303  1.442  
 4.10895e+00 9.99983e-01 2.25810e+04  3.303  1.442  
 4.10940e+00 9.99983e-01 2.24968e+04  3.303  1.442  
 4.10984e+00 9.99984e-01 2.24132e+04  3.303  1.442  
 4.11028e+00 9.99984e-01 2.23302e+04  3.303  1.442  
 4.11072e+00 9.99984e-01 2.22478e+04  3.303  1.442  
 4.11116e+00 9.99985e-01 2.21660e+04  3.303  1.442  
 4.11159e+00 9.99985e-01 2.20848e+04  3.303  1.442  
 4.11203e+00 9.99985e-01 2.20042e+04  3.303  1.442  
 4.11245e+00 9.99986e-01 2.19241e+04  3.303  1.442  
 4.11288e+00 9.99986e-01 2.18446e+04  3.303  1.442  
 4.11331e+00 9.99986e-01 2.17657e+04  3.303  1.442  
 4.11374e+00 9.99987e-01 2.16873e+04  3.303  1.442  
 4.11416e+00 9.99987e-01 2.16094e+04  3.303  1.442  
 4.11458e+00 9.99987e-01 2.15321e+04  3.303  1.442  
 4.11500e+00 9.99987e-01 2.14553e+04  3.303  1.442  
 4.11541e+00 9.99988e-01 2.13790e+04  3.303  1.442  
 4.11583e+00 9.99988e-01 2.13033e+04  3.303  1.442  
 4.11624e+00 9.99988e-01 2.12280e+04  3.303  1.442  
 4.11665e+00 9.99989e-01 2.11533e+04  3.303  1.442  
 4.11706e+00 9.99989e-01 2.10790e+04  3.303  1.442  
 4.11747e+00 9.99989e-01 2.10052e+04  3.303  1.442  
 4.11787e+00 9.99989e-01 2.09319e+04  3.303  1.442  
 4.11828e+00 9.99990e-01 2.08591e+04  3.303  1.442  
 4.11868e+00 9.99990e-01 2.07868e+04  3.303  1.442  
 4.11908e+00 9.99990e-01 2.07149e+04  3.303  1.442  
 4.11948e+00 9.99990e-01 2.06435e+04  3.303  1.442  
 4.11987e+00 9.99990e-01 2.05726e+04  3.303  1.442  
 4.12027e+00 9.99991e-01 2.05022e+04  3.303  1.442  
 4.12066e+00 9.99991e-01 2.04322e+04  3.303  1.442  
 4.12105e+00 9.99991e-01 2.03626e+04  3.303  1.442  
 4.12144e+00 9.99991e-01 2.02935e+04  3.303  1.442  
 4.12183e+00 9.99991e-01 2.02248e+04  3.303  1.442  
 4.12221e+00 9.99992e-01 2.01565e+04  3.303  1.442  
 4.12259e+00 9.99992e-01 2.00887e+04  3.303  1.442  
 4.12298e+00 9.99992e-01 2.00213e+04  3.303  1.442  
 4.12336e+00 9.99992e-01 1.99543e+04  3.303  1.442  
 4.12374e+00 9.99992e-01 1.98877e+04  3.303  1.442  
 4.12411e+00 9.99993e-01 1.98215e+04  3.303  1.442  
 4.12449e+00 9.99993e-01 1.97557e+04  3.303  1.442  
 4.12486e+00 9.99993e-01 1.96904e+04  3.303  1.442  
 4.12523e+00 9.99993e-01 1.96254e+04  3.303  1.442  
 4.12561e+00 9.99993e-01 1.95608e+04  3.303  1.442  
 4.12597e+00 9.99993e-01 1.94966e+04  3.303  1.442  
 4.12634e+00 9.99994e-01 1.94328e+04  3.303  1.442  
 4.12671e+00 9.99994e-01 1.93693e+04  3.303  1.442  
 4.12707e+00 9.99994e-01 1.93063e+04  3.303  1.442  
 4.12743e+00 9.99994e-01 1.92436e+04  3.303  1.442  
 4.12779e+00 9.99994e-01 1.91812e+04  3.303  1.442  
 4.12815e+00 9.99994e-01 1.91193e+04  3.303  1.442  
 4.12851e+00 9.99994e-01 1.90577e+04  3.303  1.442  
 4.12887e+00 9.99994e-01 1.89964e+04  3.303  1.442  
 4.12922e+00 9.99995e-01 1.89355e+04  3.303  1.442  
 4.12957e+00 9.99995e-01 1.88749e+04  3.303  1.442  
 4.12993e+00 9.99995e-01 1.88147e+04  3.303  1.442  
 4.13028e+00 9.99995e-01 1.87548e+04  3.303  1.442  
 4.13062e+00 9.99995e-01 1.86952e+04  3.303  1.442  
 4.13097e+00 9.99995e-01 1.86360e+04  3.303  1.442  
 4.13132e+00 9.99995e-01 1.85772e+04  3.303  1.442  
 4.13166e+00 9.99995e-01 1.85186e+04  3.303  1.442  
 4.13200e+00 9.99995e-01 1.84604e+04  3.303  1.442  
 4.13234e+00 9.99996e-01 1.84025e+04  3.303  1.442  
 4.13268e+00 9.99996e-01 1.83448e+04  3.303  1.442  
 4.13302e+00 9.99996e-01 1.82876e+04  3.303  1.442  
 4.13336e+00 9.99996e-01 1.82306e+04  3.303  1.442  
 4.13369e+00 9.99996e-01 1.81739e+04  3.303  1.442  
 4.13403e+00 9.99996e-01 1.81175e+04  3.303  1.442  
 4.13436e+00 9.99996e-01 1.80614e+04  3.303  1.442  
 4.13469e+00 9.99996e-01 1.80057e+04  3.303  1.442  
 4.13502e+00 9.99996e-01 1.79502e+04  3.303  1.442  
 4.13535e+00 9.99996e-01 1.78950e+04  3.303  1.442  
 4.13568e+00 9.99996e-01 1.78400e+04  3.303  1.442  
 4.13600e+00 9.99997e-01 1.77854e+04  3.303  1.442  
 4.13633e+00 9.99997e-01 1.77311e+04  3.303  1.442  
 4.13665e+00 9.99997e-01 1.76770e+04  3.303  1.442  
 4.13697e+00 9.99997e-01 1.76232e+04  3.303  1.442  
 4.13729e+00 9.99997e-01 1.75697e+04  3.303  1.442  
 4.13761e+00 9.99997e-01 1.75165e+04  3.303  1.442  
 4.13793e+00 9.99997e-01 1.74635e+04  3.303  1.442  
 4.13824e+00 9.99997e-01 1.74108e+04  3.303  1.442  
 4.13856e+00 9.99997e-01 1.73583e+04  3.303  1.442  
 4.13887e+00 9.99997e-01 1.73061e+04  3.303  1.442  
 4.13919e+00 9.99997e-01 1.72542e+04  3.303  1.442  
 4.13950e+00 9.99997e-01 1.72025e+04  3.303  1.442  
 4.13981e+00 9.99997e-01 1.71510e+04  3.303  1.442  
 4.14011e+00 9.99997e-01 1.70998e+04  3.303  1.442  
 4.14042e+00 9.99998e-01 1.70489e+04  3.303  1.442  
 4.14073e+00 9.99998e-01 1.69982e+04  3.303  1.442  
 4.14103e+00 9.99998e-01 1.69477e+04  3.303  1.442  
 4.14133e+00 9.99998e-01 1.68975e+04  3.303  1.442  
 4.14149e+00 9.99998e-01 1.68712e+04  3.303  1.442  
