   R/R_sun      m/M_sun       T         Li    Be 
 9.76978e-04 1.00192e-07 1.56099e+07 -11 -44.029  
 9.92091e-04 1.04914e-07 1.56099e+07 -11 -44.029  
 1.00744e-03 1.09858e-07 1.56098e+07 -11 -44.029  
 1.02302e-03 1.15036e-07 1.56098e+07 -11 -44.029  
 1.03885e-03 1.20457e-07 1.56098e+07 -11 -44.029  
 1.05492e-03 1.26134e-07 1.56098e+07 -11 -44.029  
 1.07124e-03 1.32079e-07 1.56098e+07 -11 -44.029  
 1.08781e-03 1.38304e-07 1.56098e+07 -11 -44.029  
 1.10463e-03 1.44822e-07 1.56098e+07 -11 -44.029  
 1.12172e-03 1.51647e-07 1.56098e+07 -11 -44.029  
 1.13907e-03 1.58794e-07 1.56098e+07 -11 -44.029  
 1.15669e-03 1.66278e-07 1.56097e+07 -11 -44.029  
 1.17459e-03 1.74114e-07 1.56097e+07 -11 -44.029  
 1.19276e-03 1.82320e-07 1.56097e+07 -11 -44.029  
 1.21121e-03 1.90912e-07 1.56097e+07 -11 -44.029  
 1.22995e-03 1.99910e-07 1.56097e+07 -11 -44.029  
 1.24897e-03 2.09331e-07 1.56097e+07 -11 -44.029  
 1.26830e-03 2.19196e-07 1.56096e+07 -11 -44.029  
 1.28791e-03 2.29527e-07 1.56096e+07 -11 -44.029  
 1.30784e-03 2.40344e-07 1.56096e+07 -11 -44.029  
 1.32807e-03 2.51671e-07 1.56096e+07 -11 -44.029  
 1.34862e-03 2.63532e-07 1.56096e+07 -11 -44.029  
 1.36948e-03 2.75952e-07 1.56096e+07 -11 -44.029  
 1.39066e-03 2.88957e-07 1.56095e+07 -11 -44.029  
 1.41218e-03 3.02575e-07 1.56095e+07 -11 -44.029  
 1.43402e-03 3.16835e-07 1.56095e+07 -11 -44.029  
 1.45621e-03 3.31767e-07 1.56095e+07 -11 -44.029  
 1.47873e-03 3.47403e-07 1.56095e+07 -11 -44.029  
 1.50161e-03 3.63776e-07 1.56094e+07 -11 -44.029  
 1.52484e-03 3.80920e-07 1.56094e+07 -11 -44.029  
 1.54843e-03 3.98872e-07 1.56094e+07 -11 -44.029  
 1.57238e-03 4.17670e-07 1.56094e+07 -11 -44.029  
 1.59671e-03 4.37354e-07 1.56093e+07 -11 -44.029  
 1.62141e-03 4.57966e-07 1.56093e+07 -11 -44.029  
 1.64649e-03 4.79550e-07 1.56093e+07 -11 -44.029  
 1.67196e-03 5.02150e-07 1.56092e+07 -11 -44.029  
 1.69783e-03 5.25816e-07 1.56092e+07 -11 -44.029  
 1.72410e-03 5.50597e-07 1.56092e+07 -11 -44.029  
 1.75077e-03 5.76545e-07 1.56092e+07 -11 -44.029  
 1.77785e-03 6.03717e-07 1.56091e+07 -11 -44.029  
 1.80536e-03 6.32169e-07 1.56091e+07 -11 -44.029  
 1.83329e-03 6.61963e-07 1.56091e+07 -11 -44.029  
 1.86165e-03 6.93160e-07 1.56090e+07 -11 -44.029  
 1.89045e-03 7.25828e-07 1.56090e+07 -11 -44.029  
 1.91970e-03 7.60035e-07 1.56089e+07 -11 -44.029  
 1.94940e-03 7.95854e-07 1.56089e+07 -11 -44.029  
 1.97955e-03 8.33362e-07 1.56089e+07 -11 -44.029  
 2.01018e-03 8.72637e-07 1.56088e+07 -11 -44.029  
 2.04128e-03 9.13763e-07 1.56088e+07 -11 -44.029  
 2.07286e-03 9.56827e-07 1.56087e+07 -11 -44.029  
 2.10493e-03 1.00192e-06 1.56087e+07 -11 -44.029  
 2.13749e-03 1.04914e-06 1.56086e+07 -11 -44.029  
 2.17056e-03 1.09858e-06 1.56086e+07 -11 -44.029  
 2.20414e-03 1.15036e-06 1.56085e+07 -11 -44.029  
 2.23825e-03 1.20457e-06 1.56085e+07 -11 -44.029  
 2.27288e-03 1.26134e-06 1.56084e+07 -11 -44.029  
 2.30804e-03 1.32079e-06 1.56084e+07 -11 -44.029  
 2.34375e-03 1.38304e-06 1.56083e+07 -11 -44.029  
 2.38001e-03 1.44822e-06 1.56083e+07 -11 -44.029  
 2.41683e-03 1.51647e-06 1.56082e+07 -11 -44.029  
 2.45423e-03 1.58794e-06 1.56082e+07 -11 -44.029  
 2.49220e-03 1.66278e-06 1.56081e+07 -11 -44.029  
 2.53076e-03 1.74114e-06 1.56080e+07 -11 -44.029  
 2.56991e-03 1.82320e-06 1.56080e+07 -11 -44.029  
 2.60968e-03 1.90912e-06 1.56079e+07 -11 -44.029  
 2.65005e-03 1.99910e-06 1.56078e+07 -11 -44.029  
 2.69105e-03 2.09331e-06 1.56077e+07 -11 -44.029  
 2.73269e-03 2.19196e-06 1.56077e+07 -11 -44.029  
 2.77497e-03 2.29527e-06 1.56076e+07 -11 -44.029  
 2.81791e-03 2.40344e-06 1.56075e+07 -11 -44.029  
 2.86151e-03 2.51671e-06 1.56074e+07 -11 -44.029  
 2.90579e-03 2.63532e-06 1.56073e+07 -11 -44.029  
 2.95075e-03 2.75952e-06 1.56072e+07 -11 -44.029  
 2.99641e-03 2.88957e-06 1.56072e+07 -11 -44.029  
 3.04277e-03 3.02575e-06 1.56071e+07 -11 -44.029  
 3.08985e-03 3.16835e-06 1.56070e+07 -11 -44.029  
 3.13766e-03 3.31767e-06 1.56069e+07 -11 -44.029  
 3.18622e-03 3.47403e-06 1.56068e+07 -11 -44.029  
 3.23552e-03 3.63776e-06 1.56066e+07 -11 -44.029  
 3.28559e-03 3.80920e-06 1.56065e+07 -11 -44.029  
 3.33643e-03 3.98872e-06 1.56064e+07 -11 -44.029  
 3.38806e-03 4.17670e-06 1.56063e+07 -11 -44.029  
 3.44049e-03 4.37354e-06 1.56062e+07 -11 -44.029  
 3.49373e-03 4.57966e-06 1.56061e+07 -11 -44.029  
 3.54779e-03 4.79550e-06 1.56059e+07 -11 -44.029  
 3.60269e-03 5.02150e-06 1.56058e+07 -11 -44.029  
 3.65845e-03 5.25816e-06 1.56057e+07 -11 -44.029  
 3.71506e-03 5.50597e-06 1.56055e+07 -11 -44.029  
 3.77255e-03 5.76545e-06 1.56054e+07 -11 -44.029  
 3.83094e-03 6.03717e-06 1.56052e+07 -11 -44.029  
 3.89023e-03 6.32169e-06 1.56051e+07 -11 -44.029  
 3.95043e-03 6.61963e-06 1.56049e+07 -11 -44.029  
 4.01157e-03 6.93160e-06 1.56047e+07 -11 -44.029  
 4.07366e-03 7.25828e-06 1.56046e+07 -11 -44.029  
 4.13671e-03 7.60035e-06 1.56044e+07 -11 -44.029  
 4.20073e-03 7.95854e-06 1.56042e+07 -11 -44.029  
 4.26575e-03 8.33362e-06 1.56040e+07 -11 -44.029  
 4.33177e-03 8.72637e-06 1.56038e+07 -11 -44.029  
 4.39882e-03 9.13763e-06 1.56036e+07 -11 -44.029  
 4.46691e-03 9.56827e-06 1.56034e+07 -11 -44.029  
 4.53605e-03 1.00192e-05 1.56032e+07 -11 -44.029  
 4.60626e-03 1.04914e-05 1.56030e+07 -11 -44.029  
 4.67756e-03 1.09858e-05 1.56028e+07 -11 -44.029  
 4.74997e-03 1.15036e-05 1.56026e+07 -11 -44.029  
 4.82350e-03 1.20457e-05 1.56023e+07 -11 -44.029  
 4.89817e-03 1.26134e-05 1.56021e+07 -11 -44.029  
 4.97400e-03 1.32079e-05 1.56018e+07 -11 -44.029  
 5.05100e-03 1.38304e-05 1.56016e+07 -11 -44.029  
 5.12919e-03 1.44822e-05 1.56013e+07 -11 -44.029  
 5.20860e-03 1.51647e-05 1.56010e+07 -11 -44.029  
 5.28924e-03 1.58794e-05 1.56007e+07 -11 -44.029  
 5.37113e-03 1.66278e-05 1.56004e+07 -11 -44.029  
 5.45429e-03 1.74114e-05 1.56001e+07 -11 -44.029  
 5.53875e-03 1.82320e-05 1.55998e+07 -11 -44.029  
 5.62451e-03 1.90912e-05 1.55995e+07 -11 -44.029  
 5.71160e-03 1.99910e-05 1.55992e+07 -11 -44.029  
 5.80004e-03 2.09331e-05 1.55988e+07 -11 -44.029  
 5.88986e-03 2.19196e-05 1.55985e+07 -11 -44.029  
 5.98107e-03 2.29527e-05 1.55981e+07 -11 -44.029  
 6.07369e-03 2.40344e-05 1.55977e+07 -11 -44.029  
 6.16775e-03 2.51671e-05 1.55973e+07 -11 -44.029  
 6.26328e-03 2.63532e-05 1.55969e+07 -11 -44.029  
 6.36028e-03 2.75952e-05 1.55965e+07 -11 -44.029  
 6.45879e-03 2.88957e-05 1.55961e+07 -11 -44.029  
 6.55883e-03 3.02575e-05 1.55956e+07 -11 -44.029  
 6.66043e-03 3.16835e-05 1.55952e+07 -11 -44.029  
 6.76360e-03 3.31767e-05 1.55947e+07 -11 -44.029  
 6.86838e-03 3.47403e-05 1.55942e+07 -11 -44.029  
 6.97478e-03 3.63776e-05 1.55938e+07 -11 -44.029  
 7.08284e-03 3.80920e-05 1.55932e+07 -11 -44.029  
 7.19258e-03 3.98872e-05 1.55927e+07 -11 -44.029  
 7.30402e-03 4.17670e-05 1.55922e+07 -11 -44.029  
 7.41719e-03 4.37354e-05 1.55916e+07 -11 -44.029  
 7.53213e-03 4.57966e-05 1.55910e+07 -11 -44.029  
 7.64885e-03 4.79550e-05 1.55904e+07 -11 -44.029  
 7.76738e-03 5.02150e-05 1.55898e+07 -11 -44.029  
 7.88776e-03 5.25816e-05 1.55892e+07 -11 -44.029  
 8.01002e-03 5.50597e-05 1.55885e+07 -11 -44.029  
 8.13417e-03 5.76545e-05 1.55878e+07 -11 -44.029  
 8.26026e-03 6.03717e-05 1.55871e+07 -11 -44.029  
 8.38831e-03 6.32169e-05 1.55864e+07 -11 -44.029  
 8.51836e-03 6.61963e-05 1.55857e+07 -11 -44.029  
 8.65042e-03 6.93160e-05 1.55849e+07 -11 -44.029  
 8.78455e-03 7.25828e-05 1.55841e+07 -11 -44.029  
 8.92077e-03 7.60035e-05 1.55833e+07 -11 -44.029  
 9.05911e-03 7.95854e-05 1.55825e+07 -11 -44.029  
 9.19960e-03 8.33362e-05 1.55816e+07 -11 -44.029  
 9.34229e-03 8.72637e-05 1.55807e+07 -11 -44.029  
 9.48720e-03 9.13763e-05 1.55798e+07 -11 -44.029  
 9.63437e-03 9.56827e-05 1.55789e+07 -11 -44.029  
 9.78383e-03 1.00192e-04 1.55779e+07 -11 -44.029  
 9.93563e-03 1.04914e-04 1.55769e+07 -11 -44.029  
 1.00898e-02 1.09858e-04 1.55758e+07 -11 -44.029  
 1.02464e-02 1.15036e-04 1.55748e+07 -11 -44.029  
 1.04054e-02 1.20457e-04 1.55737e+07 -11 -44.029  
 1.05669e-02 1.26134e-04 1.55725e+07 -11 -44.029  
 1.07309e-02 1.32079e-04 1.55714e+07 -11 -44.029  
 1.08975e-02 1.38304e-04 1.55702e+07 -11 -44.029  
 1.10667e-02 1.44822e-04 1.55689e+07 -11 -44.029  
 1.12386e-02 1.51647e-04 1.55676e+07 -11 -44.029  
 1.14131e-02 1.58794e-04 1.55663e+07 -11 -44.030  
 1.15904e-02 1.66278e-04 1.55649e+07 -11 -44.030  
 1.17704e-02 1.74114e-04 1.55635e+07 -11 -44.030  
 1.19533e-02 1.82320e-04 1.55621e+07 -11 -44.030  
 1.21390e-02 1.90912e-04 1.55606e+07 -11 -44.030  
 1.23276e-02 1.99910e-04 1.55590e+07 -11 -44.030  
 1.25192e-02 2.09331e-04 1.55574e+07 -11 -44.030  
 1.27138e-02 2.19196e-04 1.55558e+07 -11 -44.030  
 1.29115e-02 2.29527e-04 1.55541e+07 -11 -44.030  
 1.31123e-02 2.40344e-04 1.55523e+07 -11 -44.030  
 1.33162e-02 2.51671e-04 1.55505e+07 -11 -44.030  
 1.35233e-02 2.63532e-04 1.55487e+07 -11 -44.030  
 1.37337e-02 2.75952e-04 1.55468e+07 -11 -44.030  
 1.39474e-02 2.88957e-04 1.55448e+07 -11 -44.030  
 1.41645e-02 3.02575e-04 1.55428e+07 -11 -44.030  
 1.43849e-02 3.16835e-04 1.55407e+07 -11 -44.030  
 1.46089e-02 3.31767e-04 1.55385e+07 -11 -44.030  
 1.48364e-02 3.47403e-04 1.55363e+07 -11 -44.030  
 1.50674e-02 3.63776e-04 1.55340e+07 -11 -44.030  
 1.53022e-02 3.80920e-04 1.55316e+07 -11 -44.030  
 1.55406e-02 3.98872e-04 1.55291e+07 -11 -44.030  
 1.57828e-02 4.17670e-04 1.55266e+07 -11 -44.030  
 1.60288e-02 4.37354e-04 1.55240e+07 -11 -44.030  
 1.62787e-02 4.57966e-04 1.55213e+07 -11 -44.030  
 1.65326e-02 4.79550e-04 1.55186e+07 -11 -44.030  
 1.67905e-02 5.02150e-04 1.55157e+07 -11 -44.030  
 1.70525e-02 5.25816e-04 1.55128e+07 -11 -44.030  
 1.73187e-02 5.50597e-04 1.55097e+07 -11 -44.030  
 1.75891e-02 5.76545e-04 1.55066e+07 -11 -44.030  
 1.78638e-02 6.03717e-04 1.55034e+07 -11 -44.030  
 1.81428e-02 6.32169e-04 1.55001e+07 -11 -44.030  
 1.84263e-02 6.61963e-04 1.54967e+07 -11 -44.030  
 1.87144e-02 6.93160e-04 1.54931e+07 -11 -44.030  
 1.90070e-02 7.25828e-04 1.54895e+07 -11 -44.030  
 1.93043e-02 7.60035e-04 1.54857e+07 -11 -44.030  
 1.96064e-02 7.95854e-04 1.54819e+07 -11 -44.030  
 1.99132e-02 8.33362e-04 1.54779e+07 -11 -44.030  
 2.02250e-02 8.72637e-04 1.54738e+07 -11 -44.030  
 2.05419e-02 9.13763e-04 1.54695e+07 -11 -44.030  
 2.08637e-02 9.56827e-04 1.54651e+07 -11 -44.030  
 2.11908e-02 1.00192e-03 1.54606e+07 -11 -44.031  
 2.15231e-02 1.04914e-03 1.54560e+07 -11 -44.031  
 2.18608e-02 1.09858e-03 1.54512e+07 -11 -44.031  
 2.22040e-02 1.15036e-03 1.54462e+07 -11 -44.031  
 2.25526e-02 1.20457e-03 1.54412e+07 -11 -44.031  
 2.29069e-02 1.26134e-03 1.54359e+07 -11 -44.031  
 2.32670e-02 1.32079e-03 1.54305e+07 -11 -44.031  
 2.36329e-02 1.38304e-03 1.54249e+07 -11 -44.031  
 2.40047e-02 1.44822e-03 1.54192e+07 -11 -44.031  
 2.43826e-02 1.51647e-03 1.54132e+07 -11 -44.031  
 2.47666e-02 1.58794e-03 1.54071e+07 -11 -44.031  
 2.51569e-02 1.66278e-03 1.54008e+07 -11 -44.031  
 2.55536e-02 1.74114e-03 1.53943e+07 -11 -44.031  
 2.59567e-02 1.82320e-03 1.53876e+07 -11 -44.031  
 2.63665e-02 1.90912e-03 1.53807e+07 -11 -44.031  
 2.67830e-02 1.99910e-03 1.53736e+07 -11 -44.031  
 2.72064e-02 2.09331e-03 1.53662e+07 -11 -44.031  
 2.76367e-02 2.19196e-03 1.53587e+07 -11 -44.032  
 2.80741e-02 2.29527e-03 1.53509e+07 -11 -44.032  
 2.85188e-02 2.40344e-03 1.53428e+07 -11 -44.032  
 2.89708e-02 2.51671e-03 1.53345e+07 -11 -44.032  
 2.94303e-02 2.63532e-03 1.53260e+07 -11 -44.032  
 2.98975e-02 2.75952e-03 1.53172e+07 -11 -44.032  
 3.03725e-02 2.88957e-03 1.53081e+07 -11 -44.032  
 3.08554e-02 3.02575e-03 1.52988e+07 -11 -44.032  
 3.13464e-02 3.16835e-03 1.52891e+07 -11 -44.032  
 3.18456e-02 3.31767e-03 1.52792e+07 -11 -44.032  
 3.23533e-02 3.47403e-03 1.52689e+07 -11 -44.032  
 3.28695e-02 3.63776e-03 1.52584e+07 -11 -44.033  
 3.33944e-02 3.80920e-03 1.52475e+07 -11 -44.033  
 3.39282e-02 3.98872e-03 1.52363e+07 -11 -44.033  
 3.44711e-02 4.17670e-03 1.52247e+07 -11 -44.033  
 3.50232e-02 4.37354e-03 1.52128e+07 -11 -44.033  
 3.55848e-02 4.57966e-03 1.52005e+07 -11 -44.033  
 3.61560e-02 4.79550e-03 1.51878e+07 -11 -44.033  
 3.67370e-02 5.02150e-03 1.51748e+07 -11 -44.033  
 3.73281e-02 5.25816e-03 1.51613e+07 -11 -44.034  
 3.79293e-02 5.50597e-03 1.51475e+07 -11 -44.034  
 3.85410e-02 5.76545e-03 1.51332e+07 -11 -44.034  
 3.91633e-02 6.03717e-03 1.51185e+07 -11 -44.034  
 3.97964e-02 6.32169e-03 1.51033e+07 -11 -44.034  
 4.04407e-02 6.61963e-03 1.50877e+07 -11 -44.034  
 4.10963e-02 6.93160e-03 1.50716e+07 -11 -44.034  
 4.17634e-02 7.25828e-03 1.50550e+07 -11 -44.035  
 4.24424e-02 7.60035e-03 1.50379e+07 -11 -44.035  
 4.31334e-02 7.95854e-03 1.50203e+07 -11 -44.035  
 4.38367e-02 8.33362e-03 1.50021e+07 -11 -44.035  
 4.45526e-02 8.72637e-03 1.49834e+07 -11 -44.035  
 4.52813e-02 9.13763e-03 1.49641e+07 -11 -44.036  
 4.60232e-02 9.56827e-03 1.49443e+07 -11 -44.036  
 4.67786e-02 1.00192e-02 1.49238e+07 -11 -44.036  
 4.75477e-02 1.04914e-02 1.49027e+07 -11 -44.036  
 4.83308e-02 1.09858e-02 1.48810e+07 -11 -44.036  
 4.91283e-02 1.15036e-02 1.48587e+07 -11 -44.037  
 4.99405e-02 1.20457e-02 1.48356e+07 -11 -44.037  
 5.07677e-02 1.26134e-02 1.48119e+07 -11 -44.037  
 5.16104e-02 1.32079e-02 1.47874e+07 -11 -44.037  
 5.24687e-02 1.38304e-02 1.47622e+07 -11 -44.038  
 5.33432e-02 1.44822e-02 1.47363e+07 -11 -44.038  
 5.42342e-02 1.51647e-02 1.47096e+07 -11 -44.038  
 5.51422e-02 1.58794e-02 1.46821e+07 -11 -44.038  
 5.60674e-02 1.66278e-02 1.46537e+07 -11 -44.039  
 5.70104e-02 1.74114e-02 1.46245e+07 -11 -44.039  
 5.79716e-02 1.82320e-02 1.45945e+07 -11 -44.039  
 5.89514e-02 1.90912e-02 1.45635e+07 -11 -44.040  
 5.99503e-02 1.99910e-02 1.45316e+07 -11 -44.040  
 6.09688e-02 2.09331e-02 1.44988e+07 -11 -44.040  
 6.20075e-02 2.19196e-02 1.44650e+07 -11 -44.041  
 6.30667e-02 2.29527e-02 1.44302e+07 -11 -44.041  
 6.41471e-02 2.40344e-02 1.43944e+07 -11 -44.041  
 6.52493e-02 2.51671e-02 1.43575e+07 -11 -44.042  
 6.63737e-02 2.63532e-02 1.43195e+07 -11 -44.042  
 6.75210e-02 2.75952e-02 1.42804e+07 -11 -44.043  
 6.86918e-02 2.88957e-02 1.42402e+07 -11 -44.043  
 6.98869e-02 3.02575e-02 1.41988e+07 -11 -44.043  
 7.11067e-02 3.16835e-02 1.41561e+07 -11 -44.044  
 7.23520e-02 3.31767e-02 1.41123e+07 -11 -44.044  
 7.36236e-02 3.47403e-02 1.40671e+07 -11 -44.045  
 7.49222e-02 3.63776e-02 1.40206e+07 -11 -44.045  
 7.62486e-02 3.80920e-02 1.39728e+07 -11 -44.046  
 7.75773e-02 3.98521e-02 1.39246e+07 -11 -44.046  
 7.88938e-02 4.16378e-02 1.38765e+07 -11 -44.046  
 8.01994e-02 4.34499e-02 1.38284e+07 -11 -44.047  
 8.14953e-02 4.52888e-02 1.37805e+07 -11 -44.048  
 8.27826e-02 4.71551e-02 1.37326e+07 -11 -44.048  
 8.40626e-02 4.90496e-02 1.36847e+07 -11 -44.048  
 8.53361e-02 5.09730e-02 1.36368e+07 -11 -44.049  
 8.66043e-02 5.29259e-02 1.35889e+07 -11 -44.049  
 8.78679e-02 5.49092e-02 1.35410e+07 -11 -44.050  
 8.91278e-02 5.69236e-02 1.34930e+07 -11 -44.050  
 9.03850e-02 5.89700e-02 1.34449e+07 -11 -44.051  
 9.16403e-02 6.10493e-02 1.33968e+07 -11 -44.051  
 9.28943e-02 6.31623e-02 1.33485e+07 -11 -44.052  
 9.41480e-02 6.53102e-02 1.33001e+07 -11 -44.052  
 9.54020e-02 6.74939e-02 1.32515e+07 -11 -44.051  
 9.66571e-02 6.97145e-02 1.32028e+07 -11 -43.674  
 9.79141e-02 7.19731e-02 1.31539e+07 -11 -41.537  
 9.91737e-02 7.42710e-02 1.31048e+07 -11 -39.236  
 1.00436e-01 7.66094e-02 1.30554e+07 -11 -37.098  
 1.01704e-01 7.89897e-02 1.30058e+07 -11 -35.213  
 1.02975e-01 8.14133e-02 1.29559e+07 -11 -33.484  
 1.04252e-01 8.38817e-02 1.29057e+07 -11 -31.890  
 1.05536e-01 8.63965e-02 1.28553e+07 -11 -30.410  
 1.06826e-01 8.89593e-02 1.28044e+07 -11 -28.997  
 1.08125e-01 9.15721e-02 1.27532e+07 -11 -27.643  
 1.09432e-01 9.42365e-02 1.27017e+07 -11 -26.296  
 1.10748e-01 9.69548e-02 1.26497e+07 -11 -25.092  
 1.12075e-01 9.97290e-02 1.25973e+07 -11 -24.039  
 1.13413e-01 1.02561e-01 1.25444e+07 -11 -23.039  
 1.14764e-01 1.05454e-01 1.24911e+07 -11 -22.103  
 1.16127e-01 1.08410e-01 1.24372e+07 -11 -21.121  
 1.17504e-01 1.11433e-01 1.23828e+07 -11 -20.189  
 1.18897e-01 1.14524e-01 1.23277e+07 -11 -19.381  
 1.20306e-01 1.17687e-01 1.22721e+07 -11 -18.617  
 1.21733e-01 1.20926e-01 1.22158e+07 -11 -17.967  
 1.23179e-01 1.24245e-01 1.21588e+07 -11 -17.440  
 1.24644e-01 1.27646e-01 1.21010e+07 -11 -16.961  
 1.26132e-01 1.31135e-01 1.20425e+07 -11 -16.523  
 1.27642e-01 1.34717e-01 1.19832e+07 -11 -16.133  
 1.29178e-01 1.38395e-01 1.19229e+07 -11 -15.787  
 1.30740e-01 1.42177e-01 1.18617e+07 -11 -15.479  
 1.32330e-01 1.46066e-01 1.17995e+07 -11 -15.214  
 1.33952e-01 1.50071e-01 1.17363e+07 -11 -14.996  
 1.35606e-01 1.54199e-01 1.16719e+07 -11 -14.828  
 1.37295e-01 1.58456e-01 1.16063e+07 -11 -14.701  
 1.39023e-01 1.62851e-01 1.15394e+07 -11 -14.603  
 1.40792e-01 1.67393e-01 1.14712e+07 -11 -14.529  
 1.42604e-01 1.72093e-01 1.14014e+07 -11 -14.481  
 1.44465e-01 1.76962e-01 1.13301e+07 -11 -14.450  
 1.46377e-01 1.82011e-01 1.12571e+07 -11 -14.418  
 1.48345e-01 1.87257e-01 1.11822e+07 -11 -14.369  
 1.50369e-01 1.92696e-01 1.11056e+07 -11 -14.256  
 1.52379e-01 1.98148e-01 1.10298e+07 -11 -14.040  
 1.54378e-01 2.03612e-01 1.09548e+07 -11 -13.804  
 1.56365e-01 2.09085e-01 1.08807e+07 -11 -13.617  
 1.58341e-01 2.14566e-01 1.08073e+07 -11 -13.481  
 1.60305e-01 2.20053e-01 1.07348e+07 -11 -13.385  
 1.62259e-01 2.25546e-01 1.06630e+07 -11 -13.334  
 1.64203e-01 2.31042e-01 1.05920e+07 -11 -13.312  
 1.66136e-01 2.36540e-01 1.05218e+07 -11 -13.299  
 1.68060e-01 2.42039e-01 1.04523e+07 -11 -13.285  
 1.69973e-01 2.47538e-01 1.03836e+07 -11 -13.260  
 1.71878e-01 2.53035e-01 1.03157e+07 -11 -13.202  
 1.73773e-01 2.58529e-01 1.02485e+07 -11 -13.092  
 1.75659e-01 2.64019e-01 1.01820e+07 -11 -12.978  
 1.77537e-01 2.69504e-01 1.01162e+07 -11 -12.791  
 1.79406e-01 2.74982e-01 1.00512e+07 -11 -12.746  
 1.81268e-01 2.80454e-01 9.98686e+06 -11 -12.748  
 1.83121e-01 2.85916e-01 9.92322e+06 -11 -12.771  
 1.84966e-01 2.91369e-01 9.86027e+06 -11 -12.856  
 1.86804e-01 2.96812e-01 9.79799e+06 -11 -13.057  
 1.88634e-01 3.02244e-01 9.73638e+06 -11 -13.405  
 1.90457e-01 3.07664e-01 9.67544e+06 -11 -13.603  
 1.92273e-01 3.13070e-01 9.61514e+06 -11 -13.567  
 1.94082e-01 3.18463e-01 9.55549e+06 -11 -13.282  
 1.95884e-01 3.23840e-01 9.49647e+06 -11 -12.957  
 1.97680e-01 3.29203e-01 9.43808e+06 -11 -12.835  
 1.99469e-01 3.34549e-01 9.38031e+06 -11 -12.830  
 2.01253e-01 3.39879e-01 9.32315e+06 -11 -12.851  
 2.03030e-01 3.45191e-01 9.26658e+06 -11 -12.933  
 2.04801e-01 3.50485e-01 9.21061e+06 -11 -13.105  
 2.06567e-01 3.55760e-01 9.15523e+06 -11 -13.398  
 2.08327e-01 3.61015e-01 9.10042e+06 -11 -13.953  
 2.10082e-01 3.66250e-01 9.04617e+06 -11 -14.703  
 2.11831e-01 3.71465e-01 8.99249e+06 -11 -15.526  
 2.13575e-01 3.76659e-01 8.93936e+06 -11 -16.417  
 2.15314e-01 3.81832e-01 8.88677e+06 -11 -17.429  
 2.17048e-01 3.86982e-01 8.83472e+06 -11 -18.173  
 2.18778e-01 3.92109e-01 8.78320e+06 -11 -18.089  
 2.20503e-01 3.97214e-01 8.73219e+06 -11 -17.469  
 2.22223e-01 4.02295e-01 8.68170e+06 -11 -16.685  
 2.23939e-01 4.07352e-01 8.63172e+06 -11 -15.967  
 2.25651e-01 4.12386e-01 8.58223e+06 -11 -15.336  
 2.27358e-01 4.17394e-01 8.53324e+06 -11 -14.792  
 2.29062e-01 4.22378e-01 8.48472e+06 -11 -14.404  
 2.30762e-01 4.27336e-01 8.43668e+06 -11 -14.182  
 2.32458e-01 4.32269e-01 8.38911e+06 -11 -14.076  
 2.34150e-01 4.37176e-01 8.34201e+06 -11 -14.074  
 2.35839e-01 4.42057e-01 8.29535e+06 -11 -14.104  
 2.37524e-01 4.46911e-01 8.24915e+06 -11 -14.185  
 2.39206e-01 4.51739e-01 8.20338e+06 -11 -14.288  
 2.40885e-01 4.56540e-01 8.15805e+06 -11 -14.365  
 2.42560e-01 4.61314e-01 8.11315e+06 -11 -14.364  
 2.44233e-01 4.66060e-01 8.06867e+06 -11 -14.319  
 2.45902e-01 4.70779e-01 8.02460e+06 -11 -14.186  
 2.47569e-01 4.75471e-01 7.98095e+06 -11 -13.961  
 2.49233e-01 4.80134e-01 7.93769e+06 -11 -13.693  
 2.50895e-01 4.84770e-01 7.89483e+06 -11 -13.443  
 2.52553e-01 4.89377e-01 7.85236e+06 -11 -13.247  
 2.54210e-01 4.93956e-01 7.81027e+06 -11 -13.106  
 2.55864e-01 4.98507e-01 7.76855e+06 -11 -13.013  
 2.57515e-01 5.03029e-01 7.72721e+06 -11 -12.993  
 2.59165e-01 5.07522e-01 7.68623e+06 -11 -13.009  
 2.60812e-01 5.11987e-01 7.64562e+06 -11 -13.056  
 2.62457e-01 5.16423e-01 7.60535e+06 -11 -13.094  
 2.64101e-01 5.20830e-01 7.56544e+06 -11 -13.098  
 2.65742e-01 5.25208e-01 7.52587e+06 -11 -13.082  
 2.67381e-01 5.29557e-01 7.48664e+06 -11 -13.030  
 2.69019e-01 5.33877e-01 7.44774e+06 -11 -12.967  
 2.70656e-01 5.38168e-01 7.40917e+06 -11 -12.922  
 2.72290e-01 5.42430e-01 7.37093e+06 -11 -12.909  
 2.73923e-01 5.46663e-01 7.33300e+06 -11 -12.914  
 2.75555e-01 5.50867e-01 7.29540e+06 -11 -12.933  
 2.77185e-01 5.55042e-01 7.25810e+06 -11 -12.954  
 2.78815e-01 5.59187e-01 7.22111e+06 -11 -12.966  
 2.80442e-01 5.63304e-01 7.18443e+06 -11 -12.965  
 2.82069e-01 5.67391e-01 7.14804e+06 -11 -12.958  
 2.83695e-01 5.71449e-01 7.11195e+06 -11 -12.944  
 2.85320e-01 5.75478e-01 7.07614e+06 -11 -12.925  
 2.86944e-01 5.79478e-01 7.04063e+06 -11 -12.895  
 2.88567e-01 5.83450e-01 7.00540e+06 -11 -12.848  
 2.90189e-01 5.87392e-01 6.97044e+06 -11 -12.790  
 2.91811e-01 5.91305e-01 6.93577e+06 -11 -12.737  
 2.93432e-01 5.95189e-01 6.90136e+06 -11 -12.699  
 2.95053e-01 5.99045e-01 6.86722e+06 -11 -12.690  
 2.96673e-01 6.02872e-01 6.83335e+06 -11 -12.697  
 2.98292e-01 6.06671e-01 6.79974e+06 -11 -12.729  
 2.99911e-01 6.10440e-01 6.76638e+06 -11 -12.795  
 3.01530e-01 6.14182e-01 6.73327e+06 -11 -12.895  
 3.03149e-01 6.17895e-01 6.70042e+06 -11 -13.030  
 3.04767e-01 6.21579e-01 6.66781e+06 -11 -13.201  
 3.06385e-01 6.25236e-01 6.63545e+06 -11 -13.373  
 3.08004e-01 6.28864e-01 6.60332e+06 -11 -13.421  
 3.09622e-01 6.32464e-01 6.57144e+06 -11 -13.400  
 3.11240e-01 6.36036e-01 6.53978e+06 -11 -13.312  
 3.12858e-01 6.39581e-01 6.50836e+06 -11 -13.188  
 3.14477e-01 6.43097e-01 6.47716e+06 -11 -13.078  
 3.16095e-01 6.46587e-01 6.44619e+06 -11 -12.994  
 3.17714e-01 6.50048e-01 6.41543e+06 -11 -12.936  
 3.19333e-01 6.53482e-01 6.38490e+06 -11 -12.896  
 3.20952e-01 6.56889e-01 6.35458e+06 -11 -12.864  
 3.22572e-01 6.60269e-01 6.32447e+06 -11 -12.835  
 3.24192e-01 6.63621e-01 6.29457e+06 -11 -12.810  
 3.25812e-01 6.66947e-01 6.26488e+06 -11 -12.789  
 3.27433e-01 6.70246e-01 6.23539e+06 -11 -12.779  
 3.29055e-01 6.73518e-01 6.20611e+06 -11 -12.780  
 3.30677e-01 6.76764e-01 6.17702e+06 -11 -12.791  
 3.32300e-01 6.79983e-01 6.14812e+06 -11 -12.822  
 3.33923e-01 6.83176e-01 6.11942e+06 -11 -12.880  
 3.35547e-01 6.86343e-01 6.09090e+06 -11 -12.963  
 3.37172e-01 6.89483e-01 6.06258e+06 -11 -13.069  
 3.38798e-01 6.92598e-01 6.03444e+06 -11 -13.200  
 3.40425e-01 6.95687e-01 6.00648e+06 -11 -13.337  
 3.42052e-01 6.98751e-01 5.97870e+06 -11 -13.421  
 3.43680e-01 7.01789e-01 5.95111e+06 -11 -13.449  
 3.45309e-01 7.04801e-01 5.92368e+06 -11 -13.462  
 3.46940e-01 7.07789e-01 5.89644e+06 -11 -13.478  
 3.48571e-01 7.10751e-01 5.86936e+06 -11 -13.501  
 3.50203e-01 7.13688e-01 5.84245e+06 -11 -13.521  
 3.51837e-01 7.16601e-01 5.81571e+06 -11 -13.522  
 3.53471e-01 7.19489e-01 5.78913e+06 -11 -13.500  
 3.55107e-01 7.22352e-01 5.76272e+06 -11 -13.400  
 3.56744e-01 7.25191e-01 5.73647e+06 -11 -13.214  
 3.58382e-01 7.28006e-01 5.71038e+06 -11 -13.028  
 3.60021e-01 7.30797e-01 5.68444e+06 -11 -12.892  
 3.61662e-01 7.33564e-01 5.65866e+06 -11 -12.809  
 3.63304e-01 7.36307e-01 5.63303e+06 -11 -12.790  
 3.64947e-01 7.39027e-01 5.60756e+06 -11 -12.807  
 3.66592e-01 7.41723e-01 5.58223e+06 -11 -12.883  
 3.68239e-01 7.44395e-01 5.55705e+06 -11 -13.020  
 3.69886e-01 7.47045e-01 5.53202e+06 -11 -13.232  
 3.71535e-01 7.49671e-01 5.50714e+06 -11 -13.569  
 3.73186e-01 7.52275e-01 5.48239e+06 -11 -14.073  
 3.74838e-01 7.54856e-01 5.45779e+06 -11 -14.501  
 3.76492e-01 7.57414e-01 5.43332e+06 -11 -14.441  
 3.78147e-01 7.59950e-01 5.40900e+06 -11 -13.869  
 3.79804e-01 7.62463e-01 5.38480e+06 -11 -13.280  
 3.81463e-01 7.64955e-01 5.36075e+06 -11 -12.909  
 3.83123e-01 7.67424e-01 5.33682e+06 -11 -12.699  
 3.84785e-01 7.69872e-01 5.31303e+06 -11 -12.596  
 3.86449e-01 7.72298e-01 5.28937e+06 -11 -12.588  
 3.88115e-01 7.74702e-01 5.26584e+06 -11 -12.630  
 3.89782e-01 7.77085e-01 5.24243e+06 -11 -12.744  
 3.91451e-01 7.79447e-01 5.21915e+06 -11 -12.928  
 3.93122e-01 7.81787e-01 5.19600e+06 -11 -13.212  
 3.94795e-01 7.84107e-01 5.17296e+06 -11 -13.655  
 3.96470e-01 7.86406e-01 5.15005e+06 -11 -14.270  
 3.98146e-01 7.88684e-01 5.12726e+06 -11 -15.015  
 3.99825e-01 7.90941e-01 5.10459e+06 -11 -15.847  
 4.01505e-01 7.93179e-01 5.08203e+06 -11 -16.746  
 4.03188e-01 7.95396e-01 5.05960e+06 -11 -17.705  
 4.04872e-01 7.97593e-01 5.03727e+06 -11 -18.722  
 4.06559e-01 7.99770e-01 5.01506e+06 -11 -19.797  
 4.08247e-01 8.01927e-01 4.99297e+06 -11 -20.931  
 4.09938e-01 8.04064e-01 4.97098e+06 -11 -22.123  
 4.11631e-01 8.06183e-01 4.94911e+06 -11 -23.375  
 4.13325e-01 8.08281e-01 4.92735e+06 -11 -24.689  
 4.15022e-01 8.10361e-01 4.90569e+06 -11 -26.070  
 4.16721e-01 8.12421e-01 4.88414e+06 -11 -27.523  
 4.18422e-01 8.14463e-01 4.86270e+06 -11 -29.054  
 4.20126e-01 8.16485e-01 4.84136e+06 -11 -30.674  
 4.21831e-01 8.18489e-01 4.82013e+06 -11 -32.395  
 4.23539e-01 8.20475e-01 4.79900e+06 -11 -34.234  
 4.25249e-01 8.22442e-01 4.77798e+06 -11 -36.218  
 4.26961e-01 8.24391e-01 4.75706e+06 -11 -38.392  
 4.28675e-01 8.26322e-01 4.73623e+06 -11 -40.867  
 4.30392e-01 8.28235e-01 4.71551e+06 -11 -44.586  
 4.32111e-01 8.30130e-01 4.69489e+06 -11 -11  
 4.33833e-01 8.32007e-01 4.67437e+06 -11 -40.035  
 4.35556e-01 8.33867e-01 4.65394e+06 -11 -33.673  
 4.37282e-01 8.35709e-01 4.63361e+06 -11 -28.455  
 4.39011e-01 8.37534e-01 4.61337e+06 -11 -26.338  
 4.40741e-01 8.39342e-01 4.59323e+06 -11 -24.543  
 4.42474e-01 8.41133e-01 4.57318e+06 -11 -22.938  
 4.44210e-01 8.42907e-01 4.55323e+06 -11 -21.478  
 4.45948e-01 8.44665e-01 4.53337e+06 -11 -20.141  
 4.47688e-01 8.46406e-01 4.51360e+06 -11 -18.907  
 4.49431e-01 8.48130e-01 4.49392e+06 -11 -17.764  
 4.51176e-01 8.49838e-01 4.47433e+06 -11 -16.704  
 4.52924e-01 8.51529e-01 4.45482e+06 -11 -15.728  
 4.54674e-01 8.53205e-01 4.43541e+06 -11 -14.841  
 4.56426e-01 8.54865e-01 4.41608e+06 -11 -14.120  
 4.58182e-01 8.56509e-01 4.39684e+06 -11 -13.640  
 4.59939e-01 8.58137e-01 4.37769e+06 -11 -13.367  
 4.61699e-01 8.59749e-01 4.35861e+06 -11 -13.239  
 4.63462e-01 8.61346e-01 4.33963e+06 -11 -13.221  
 4.65227e-01 8.62928e-01 4.32072e+06 -11 -13.242  
 4.66995e-01 8.64495e-01 4.30190e+06 -11 -13.248  
 4.68765e-01 8.66046e-01 4.28316e+06 -11 -13.124  
 4.70538e-01 8.67582e-01 4.26450e+06 -11 -12.894  
 4.72313e-01 8.69104e-01 4.24591e+06 -11 -12.726  
 4.74091e-01 8.70611e-01 4.22741e+06 -11 -12.657  
 4.75872e-01 8.72103e-01 4.20898e+06 -11 -12.669  
 4.77655e-01 8.73581e-01 4.19063e+06 -11 -12.788  
 4.79441e-01 8.75045e-01 4.17235e+06 -11 -13.038  
 4.81229e-01 8.76494e-01 4.15415e+06 -11 -13.457  
 4.83021e-01 8.77929e-01 4.13603e+06 -11 -14.009  
 4.84814e-01 8.79350e-01 4.11797e+06 -11 -14.167  
 4.86610e-01 8.80757e-01 4.09999e+06 -11 -13.824  
 4.88409e-01 8.82151e-01 4.08208e+06 -11 -13.316  
 4.90211e-01 8.83530e-01 4.06424e+06 -11 -13.005  
 4.92015e-01 8.84897e-01 4.04647e+06 -11 -12.823  
 4.93822e-01 8.86249e-01 4.02877e+06 -11 -12.731  
 4.95631e-01 8.87589e-01 4.01114e+06 -11 -12.708  
 4.97443e-01 8.88915e-01 3.99357e+06 -11 -12.718  
 4.99258e-01 8.90228e-01 3.97607e+06 -11 -12.788  
 5.01075e-01 8.91528e-01 3.95863e+06 -11 -12.933  
 5.02895e-01 8.92815e-01 3.94126e+06 -11 -13.170  
 5.04718e-01 8.94090e-01 3.92396e+06 -11 -13.533  
 5.06543e-01 8.95352e-01 3.90671e+06 -11 -13.669  
 5.08371e-01 8.96601e-01 3.88953e+06 -11 -13.457  
 5.10201e-01 8.97838e-01 3.87241e+06 -11 -13.156  
 5.12034e-01 8.99062e-01 3.85535e+06 -11 -12.963  
 5.13870e-01 9.00274e-01 3.83835e+06 -11 -12.873  
 5.15709e-01 9.01474e-01 3.82141e+06 -11 -12.838  
 5.17549e-01 9.02662e-01 3.80453e+06 -11 -12.467  
 5.19393e-01 9.03839e-01 3.78770e+06 -11 -11.579  
 5.21239e-01 9.05003e-01 3.77093e+06 -11 -10.487  
 5.23088e-01 9.06155e-01 3.75422e+06 -11 -9.417  
 5.24940e-01 9.07296e-01 3.73756e+06 -11 -8.424  
 5.26794e-01 9.08426e-01 3.72096e+06 -11 -7.501  
 5.28650e-01 9.09544e-01 3.70441e+06 -11 -6.647  
 5.30510e-01 9.10650e-01 3.68791e+06 -11 -5.860  
 5.32371e-01 9.11745e-01 3.67147e+06 -11 -5.136  
 5.34236e-01 9.12830e-01 3.65507e+06 -11 -4.474  
 5.36103e-01 9.13903e-01 3.63873e+06 -11 -3.870  
 5.37972e-01 9.14965e-01 3.62244e+06 -11 -3.322  
 5.39844e-01 9.16016e-01 3.60619e+06 -11 -2.825  
 5.41719e-01 9.17057e-01 3.58999e+06 -11 -2.377  
 5.43596e-01 9.18087e-01 3.57385e+06 -11 -1.974  
 5.45475e-01 9.19106e-01 3.55774e+06 -11 -1.612  
 5.47357e-01 9.20115e-01 3.54169e+06 -11 -1.287  
 5.49242e-01 9.21114e-01 3.52567e+06 -11 -0.995  
 5.51128e-01 9.22102e-01 3.50971e+06 -11 -0.734  
 5.53018e-01 9.23080e-01 3.49378e+06 -11 -0.501  
 5.54909e-01 9.24048e-01 3.47790e+06 -11 -0.292  
 5.56803e-01 9.25005e-01 3.46206e+06 -11 -0.106  
 5.58700e-01 9.25953e-01 3.44626e+06 -11  0.061  
 5.60598e-01 9.26891e-01 3.43050e+06 -11  0.209  
 5.62500e-01 9.27820e-01 3.41478e+06 -11  0.342  
 5.64403e-01 9.28738e-01 3.39909e+06 -11  0.460  
 5.66309e-01 9.29647e-01 3.38345e+06 -11  0.566  
 5.68217e-01 9.30546e-01 3.36784e+06 -11  0.660  
 5.70127e-01 9.31436e-01 3.35227e+06 -11  0.744  
 5.72039e-01 9.32317e-01 3.33673e+06 -11  0.819  
 5.73954e-01 9.33188e-01 3.32122e+06 -11  0.886  
 5.75870e-01 9.34050e-01 3.30575e+06 -11  0.945  
 5.77789e-01 9.34904e-01 3.29031e+06 -11  0.998  
 5.79710e-01 9.35748e-01 3.27489e+06 -11  1.045  
 5.81633e-01 9.36583e-01 3.25951e+06 -11  1.087  
 5.83558e-01 9.37409e-01 3.24416e+06 -11  1.124  
 5.85485e-01 9.38226e-01 3.22883e+06 -11  1.157  
 5.87414e-01 9.39035e-01 3.21353e+06 -11  1.186  
 5.89345e-01 9.39835e-01 3.19826e+06 -11  1.213  
 5.91277e-01 9.40626e-01 3.18301e+06 -11  1.236  
 5.93212e-01 9.41409e-01 3.16778e+06 -11  1.256  
 5.95148e-01 9.42184e-01 3.15257e+06 -11  1.275  
 5.97086e-01 9.42950e-01 3.13739e+06 -11  1.291  
 5.99026e-01 9.43708e-01 3.12222e+06 -11  1.305  
 6.00967e-01 9.44458e-01 3.10707e+06 -11  1.318  
 6.02910e-01 9.45200e-01 3.09194e+06 -11  1.329  
 6.04855e-01 9.45933e-01 3.07683e+06 -11  1.339  
 6.06801e-01 9.46659e-01 3.06172e+06 -11  1.348  
 6.08749e-01 9.47377e-01 3.04663e+06 -11  1.356  
 6.10698e-01 9.48086e-01 3.03156e+06 -11  1.363  
 6.12648e-01 9.48789e-01 3.01649e+06 -11  1.369  
 6.14599e-01 9.49483e-01 3.00142e+06 -11  1.375  
 6.16552e-01 9.50170e-01 2.98637e+06 -11  1.380  
 6.18506e-01 9.50849e-01 2.97131e+06 -11  1.384  
 6.20461e-01 9.51521e-01 2.95626e+06 -11  1.388  
 6.22418e-01 9.52185e-01 2.94121e+06 -11  1.392  
 6.24375e-01 9.52842e-01 2.92616e+06 -11  1.395  
 6.26333e-01 9.53492e-01 2.91110e+06 -11  1.398  
 6.28292e-01 9.54134e-01 2.89603e+06 -10.88  1.400  
 6.30251e-01 9.54769e-01 2.88095e+06 -9.640  1.403  
 6.32212e-01 9.55398e-01 2.86586e+06 -8.495  1.405  
 6.34173e-01 9.56019e-01 2.85076e+06 -7.423  1.407  
 6.36134e-01 9.56633e-01 2.83563e+06 -6.425  1.409  
 6.38096e-01 9.57240e-01 2.82049e+06 -5.498  1.411  
 6.40058e-01 9.57840e-01 2.80532e+06 -4.643  1.412  
 6.42021e-01 9.58434e-01 2.79012e+06 -3.857  1.414  
 6.43984e-01 9.59021e-01 2.77488e+06 -3.139  1.416  
 6.45946e-01 9.59601e-01 2.75961e+06 -2.486  1.418  
 6.47909e-01 9.60174e-01 2.74430e+06 -1.897  1.419  
 6.49872e-01 9.60741e-01 2.72893e+06 -1.366  1.421  
 6.51835e-01 9.61302e-01 2.71352e+06 -0.891  1.423  
 6.53797e-01 9.61856e-01 2.69805e+06 -0.467  1.425  
 6.55759e-01 9.62403e-01 2.68251e+06 -0.090  1.427  
 6.57721e-01 9.62945e-01 2.66689e+06  0.245  1.429  
 6.59682e-01 9.63480e-01 2.65120e+06  0.543  1.432  
 6.61642e-01 9.64009e-01 2.63541e+06  0.807  1.434  
 6.63602e-01 9.64531e-01 2.61953e+06  1.040  1.437  
 6.65560e-01 9.65048e-01 2.60353e+06  1.246  1.440  
 6.67517e-01 9.65558e-01 2.58743e+06  1.427  1.442  
 6.69474e-01 9.66063e-01 2.57121e+06  1.586  1.443  
 6.71429e-01 9.66561e-01 2.55491e+06  1.724  1.443  
 6.73382e-01 9.67054e-01 2.53852e+06  1.842  1.440  
 6.75334e-01 9.67541e-01 2.52208e+06  1.942  1.435  
 6.77284e-01 9.68022e-01 2.50559e+06  2.028  1.429  
 6.79232e-01 9.68497e-01 2.48906e+06  2.104  1.423  
 6.81178e-01 9.68967e-01 2.47248e+06  2.169  1.418  
 6.83122e-01 9.69430e-01 2.45584e+06  2.226  1.412  
 6.85064e-01 9.69889e-01 2.43912e+06  2.275  1.406  
 6.87004e-01 9.70342e-01 2.42234e+06  2.317  1.401  
 6.88941e-01 9.70789e-01 2.40548e+06  2.353  1.395  
 6.90875e-01 9.71231e-01 2.38852e+06  2.385  1.389  
 6.92807e-01 9.71667e-01 2.37148e+06  2.411  1.384  
 6.94735e-01 9.72098e-01 2.35432e+06  2.433  1.378  
 6.96660e-01 9.72524e-01 2.33705e+06  2.449  1.372  
 6.98582e-01 9.72945e-01 2.31965e+06  2.460  1.367  
 7.00500e-01 9.73360e-01 2.30211e+06  2.468  1.361  
 7.02414e-01 9.73770e-01 2.28443e+06  2.472  1.355  
 7.04324e-01 9.74175e-01 2.26658e+06  2.475  1.349  
 7.06229e-01 9.74575e-01 2.24855e+06  2.476  1.343  
 7.08130e-01 9.74970e-01 2.23032e+06  2.474  1.336  
 7.10026e-01 9.75360e-01 2.21189e+06  2.468  1.329  
 7.11917e-01 9.75745e-01 2.19323e+06  2.464  1.322  
 7.13802e-01 9.76125e-01 2.17431e+06  2.459  1.315  
 7.15681e-01 9.76501e-01 2.15511e+06  2.452  1.307  
 7.17550e-01 9.76870e-01 2.13574e+06  2.450  1.304  
 7.19415e-01 9.77236e-01 2.11635e+06  2.450  1.304  
 7.21272e-01 9.77597e-01 2.09713e+06  2.450  1.304  
 7.23121e-01 9.77953e-01 2.07809e+06  2.450  1.304  
 7.24962e-01 9.78305e-01 2.05922e+06  2.450  1.304  
 7.26794e-01 9.78652e-01 2.04052e+06  2.450  1.304  
 7.28618e-01 9.78994e-01 2.02199e+06  2.450  1.304  
 7.30434e-01 9.79332e-01 2.00364e+06  2.450  1.304  
 7.32242e-01 9.79665e-01 1.98545e+06  2.450  1.304  
 7.34041e-01 9.79994e-01 1.96742e+06  2.450  1.304  
 7.35832e-01 9.80319e-01 1.94956e+06  2.450  1.304  
 7.37615e-01 9.80639e-01 1.93186e+06  2.450  1.304  
 7.39389e-01 9.80954e-01 1.91432e+06  2.450  1.304  
 7.41155e-01 9.81266e-01 1.89694e+06  2.450  1.304  
 7.42913e-01 9.81573e-01 1.87972e+06  2.450  1.304  
 7.44662e-01 9.81875e-01 1.86266e+06  2.450  1.304  
 7.46403e-01 9.82174e-01 1.84575e+06  2.450  1.304  
 7.48136e-01 9.82468e-01 1.82899e+06  2.450  1.304  
 7.49860e-01 9.82759e-01 1.81239e+06  2.450  1.304  
 7.51575e-01 9.83045e-01 1.79593e+06  2.450  1.304  
 7.53283e-01 9.83327e-01 1.77963e+06  2.450  1.304  
 7.54981e-01 9.83605e-01 1.76348e+06  2.450  1.304  
 7.56672e-01 9.83880e-01 1.74747e+06  2.450  1.304  
 7.58354e-01 9.84150e-01 1.73161e+06  2.450  1.304  
 7.60027e-01 9.84417e-01 1.71589e+06  2.450  1.304  
 7.61692e-01 9.84679e-01 1.70031e+06  2.450  1.304  
 7.63349e-01 9.84938e-01 1.68488e+06  2.450  1.304  
 7.64997e-01 9.85193e-01 1.66959e+06  2.450  1.304  
 7.66636e-01 9.85444e-01 1.65443e+06  2.450  1.304  
 7.68267e-01 9.85692e-01 1.63942e+06  2.450  1.304  
 7.69890e-01 9.85936e-01 1.62454e+06  2.450  1.304  
 7.71504e-01 9.86177e-01 1.60979e+06  2.450  1.304  
 7.73110e-01 9.86414e-01 1.59518e+06  2.450  1.304  
 7.74707e-01 9.86647e-01 1.58071e+06  2.450  1.304  
 7.76296e-01 9.86877e-01 1.56636e+06  2.450  1.304  
 7.77877e-01 9.87103e-01 1.55215e+06  2.450  1.304  
 7.79448e-01 9.87326e-01 1.53806e+06  2.450  1.304  
 7.81012e-01 9.87546e-01 1.52410e+06  2.450  1.304  
 7.82567e-01 9.87762e-01 1.51027e+06  2.450  1.304  
 7.84114e-01 9.87975e-01 1.49656e+06  2.450  1.304  
 7.85652e-01 9.88185e-01 1.48298e+06  2.450  1.304  
 7.87181e-01 9.88392e-01 1.46953e+06  2.450  1.304  
 7.88703e-01 9.88595e-01 1.45619e+06  2.450  1.304  
 7.90215e-01 9.88795e-01 1.44298e+06  2.450  1.304  
 7.91720e-01 9.88992e-01 1.42988e+06  2.450  1.304  
 7.93216e-01 9.89187e-01 1.41691e+06  2.450  1.304  
 7.94704e-01 9.89378e-01 1.40405e+06  2.450  1.304  
 7.96183e-01 9.89566e-01 1.39131e+06  2.450  1.304  
 7.97654e-01 9.89751e-01 1.37869e+06  2.450  1.304  
 7.99116e-01 9.89933e-01 1.36618e+06  2.450  1.304  
 8.00570e-01 9.90113e-01 1.35379e+06  2.450  1.304  
 8.02016e-01 9.90289e-01 1.34150e+06  2.450  1.304  
 8.03454e-01 9.90463e-01 1.32933e+06  2.450  1.304  
 8.04883e-01 9.90634e-01 1.31727e+06  2.450  1.304  
 8.06304e-01 9.90802e-01 1.30532e+06  2.450  1.304  
 8.07716e-01 9.90967e-01 1.29348e+06  2.450  1.304  
 8.09121e-01 9.91130e-01 1.28174e+06  2.450  1.304  
 8.10517e-01 9.91291e-01 1.27011e+06  2.450  1.304  
 8.11905e-01 9.91448e-01 1.25859e+06  2.450  1.304  
 8.13284e-01 9.91603e-01 1.24717e+06  2.450  1.304  
 8.14656e-01 9.91756e-01 1.23586e+06  2.450  1.304  
 8.16019e-01 9.91906e-01 1.22465e+06  2.450  1.304  
 8.17374e-01 9.92053e-01 1.21354e+06  2.450  1.304  
 8.18721e-01 9.92199e-01 1.20253e+06  2.450  1.304  
 8.20060e-01 9.92341e-01 1.19162e+06  2.450  1.304  
 8.21390e-01 9.92482e-01 1.18081e+06  2.450  1.304  
 8.22713e-01 9.92620e-01 1.17010e+06  2.450  1.304  
 8.24027e-01 9.92756e-01 1.15948e+06  2.450  1.304  
 8.25334e-01 9.92889e-01 1.14896e+06  2.450  1.304  
 8.26632e-01 9.93021e-01 1.13854e+06  2.450  1.304  
 8.27922e-01 9.93150e-01 1.12821e+06  2.450  1.304  
 8.29205e-01 9.93277e-01 1.11797e+06  2.450  1.304  
 8.30479e-01 9.93402e-01 1.10783e+06  2.450  1.304  
 8.31746e-01 9.93524e-01 1.09778e+06  2.450  1.304  
 8.33004e-01 9.93645e-01 1.08782e+06  2.450  1.304  
 8.34255e-01 9.93763e-01 1.07795e+06  2.450  1.304  
 8.35497e-01 9.93880e-01 1.06817e+06  2.450  1.304  
 8.36732e-01 9.93995e-01 1.05848e+06  2.450  1.304  
 8.37959e-01 9.94107e-01 1.04888e+06  2.450  1.304  
 8.39178e-01 9.94218e-01 1.03936e+06  2.450  1.304  
 8.40389e-01 9.94327e-01 1.02993e+06  2.450  1.304  
 8.41593e-01 9.94434e-01 1.02059e+06  2.450  1.304  
 8.42789e-01 9.94539e-01 1.01133e+06  2.450  1.304  
 8.43977e-01 9.94642e-01 1.00215e+06  2.450  1.304  
 8.45157e-01 9.94743e-01 9.93060e+05  2.450  1.304  
 8.46330e-01 9.94843e-01 9.84050e+05  2.450  1.304  
 8.47495e-01 9.94941e-01 9.75122e+05  2.450  1.304  
 8.48652e-01 9.95037e-01 9.66276e+05  2.450  1.304  
 8.49802e-01 9.95132e-01 9.57510e+05  2.450  1.304  
 8.50944e-01 9.95224e-01 9.48823e+05  2.450  1.304  
 8.52079e-01 9.95316e-01 9.40215e+05  2.450  1.304  
 8.53206e-01 9.95405e-01 9.31686e+05  2.450  1.304  
 8.54326e-01 9.95493e-01 9.23233e+05  2.450  1.304  
 8.55438e-01 9.95580e-01 9.14858e+05  2.450  1.304  
 8.56543e-01 9.95665e-01 9.06559e+05  2.450  1.304  
 8.57641e-01 9.95748e-01 8.98336e+05  2.450  1.304  
 8.58731e-01 9.95830e-01 8.90187e+05  2.450  1.304  
 8.59814e-01 9.95911e-01 8.82113e+05  2.450  1.304  
 8.60889e-01 9.95990e-01 8.74111e+05  2.450  1.304  
 8.61957e-01 9.96067e-01 8.66183e+05  2.450  1.304  
 8.63018e-01 9.96144e-01 8.58327e+05  2.450  1.304  
 8.64072e-01 9.96218e-01 8.50543e+05  2.450  1.304  
 8.65118e-01 9.96292e-01 8.42829e+05  2.450  1.304  
 8.66158e-01 9.96364e-01 8.35185e+05  2.450  1.304  
 8.67190e-01 9.96435e-01 8.27612e+05  2.450  1.304  
 8.68215e-01 9.96504e-01 8.20107e+05  2.450  1.304  
 8.69233e-01 9.96573e-01 8.12670e+05  2.450  1.304  
 8.70244e-01 9.96640e-01 8.05302e+05  2.450  1.304  
 8.71248e-01 9.96706e-01 7.98000e+05  2.450  1.304  
 8.72245e-01 9.96770e-01 7.90765e+05  2.450  1.304  
 8.73235e-01 9.96834e-01 7.83596e+05  2.450  1.304  
 8.74218e-01 9.96896e-01 7.76493e+05  2.450  1.304  
 8.75194e-01 9.96957e-01 7.69454e+05  2.450  1.304  
 8.76163e-01 9.97017e-01 7.62479e+05  2.450  1.304  
 8.77126e-01 9.97076e-01 7.55568e+05  2.450  1.304  
 8.78081e-01 9.97134e-01 7.48720e+05  2.450  1.304  
 8.79030e-01 9.97190e-01 7.41935e+05  2.450  1.304  
 8.79973e-01 9.97246e-01 7.35211e+05  2.450  1.304  
 8.80908e-01 9.97301e-01 7.28549e+05  2.450  1.304  
 8.81837e-01 9.97354e-01 7.21948e+05  2.450  1.304  
 8.82759e-01 9.97407e-01 7.15407e+05  2.450  1.304  
 8.83675e-01 9.97459e-01 7.08925e+05  2.450  1.304  
 8.84584e-01 9.97509e-01 7.02503e+05  2.450  1.304  
 8.85486e-01 9.97559e-01 6.96139e+05  2.450  1.304  
 8.86382e-01 9.97608e-01 6.89834e+05  2.450  1.304  
 8.87272e-01 9.97655e-01 6.83586e+05  2.450  1.304  
 8.88155e-01 9.97702e-01 6.77395e+05  2.450  1.304  
 8.89032e-01 9.97748e-01 6.71261e+05  2.450  1.304  
 8.89902e-01 9.97794e-01 6.65182e+05  2.450  1.304  
 8.90766e-01 9.97838e-01 6.59159e+05  2.450  1.304  
 8.91624e-01 9.97881e-01 6.53191e+05  2.450  1.304  
 8.92475e-01 9.97924e-01 6.47278e+05  2.450  1.304  
 8.93320e-01 9.97966e-01 6.41418e+05  2.450  1.304  
 8.94159e-01 9.98007e-01 6.35612e+05  2.450  1.304  
 8.94992e-01 9.98047e-01 6.29859e+05  2.450  1.304  
 8.95819e-01 9.98087e-01 6.24158e+05  2.450  1.304  
 8.96639e-01 9.98125e-01 6.18510e+05  2.450  1.304  
 8.97454e-01 9.98163e-01 6.12913e+05  2.450  1.304  
 8.98262e-01 9.98200e-01 6.07367e+05  2.450  1.304  
 8.99065e-01 9.98237e-01 6.01872e+05  2.450  1.304  
 8.99861e-01 9.98273e-01 5.96427e+05  2.450  1.304  
 9.00652e-01 9.98308e-01 5.91032e+05  2.450  1.304  
 9.01436e-01 9.98342e-01 5.85686e+05  2.450  1.304  
 9.02215e-01 9.98376e-01 5.80389e+05  2.450  1.304  
 9.02988e-01 9.98409e-01 5.75140e+05  2.450  1.304  
 9.03755e-01 9.98442e-01 5.69939e+05  2.450  1.304  
 9.04516e-01 9.98474e-01 5.64786e+05  2.450  1.304  
 9.05272e-01 9.98505e-01 5.59679e+05  2.450  1.304  
 9.06022e-01 9.98535e-01 5.54620e+05  2.450  1.304  
 9.06766e-01 9.98565e-01 5.49606e+05  2.450  1.304  
 9.07504e-01 9.98595e-01 5.44639e+05  2.450  1.304  
 9.08237e-01 9.98624e-01 5.39717e+05  2.450  1.304  
 9.08965e-01 9.98652e-01 5.34840e+05  2.450  1.304  
 9.09687e-01 9.98680e-01 5.30007e+05  2.450  1.304  
 9.10403e-01 9.98707e-01 5.25218e+05  2.450  1.304  
 9.11114e-01 9.98733e-01 5.20474e+05  2.450  1.304  
 9.11819e-01 9.98760e-01 5.15773e+05  2.450  1.304  
 9.12519e-01 9.98785e-01 5.11114e+05  2.450  1.304  
 9.13214e-01 9.98810e-01 5.06499e+05  2.450  1.304  
 9.13903e-01 9.98835e-01 5.01925e+05  2.450  1.304  
 9.14587e-01 9.98859e-01 4.97394e+05  2.450  1.304  
 9.15265e-01 9.98883e-01 4.92904e+05  2.450  1.304  
 9.15939e-01 9.98906e-01 4.88455e+05  2.450  1.304  
 9.16607e-01 9.98928e-01 4.84046e+05  2.450  1.304  
 9.17270e-01 9.98951e-01 4.79679e+05  2.450  1.304  
 9.17928e-01 9.98973e-01 4.75351e+05  2.450  1.304  
 9.18581e-01 9.98994e-01 4.71062e+05  2.450  1.304  
 9.19228e-01 9.99015e-01 4.66813e+05  2.450  1.304  
 9.19871e-01 9.99035e-01 4.62603e+05  2.450  1.304  
 9.20509e-01 9.99055e-01 4.58432e+05  2.450  1.304  
 9.21141e-01 9.99075e-01 4.54299e+05  2.450  1.304  
 9.21769e-01 9.99094e-01 4.50203e+05  2.450  1.304  
 9.22392e-01 9.99113e-01 4.46146e+05  2.450  1.304  
 9.23010e-01 9.99132e-01 4.42125e+05  2.450  1.304  
 9.23622e-01 9.99150e-01 4.38141e+05  2.450  1.304  
 9.24231e-01 9.99168e-01 4.34194e+05  2.450  1.304  
 9.24834e-01 9.99185e-01 4.30283e+05  2.450  1.304  
 9.25432e-01 9.99202e-01 4.26408e+05  2.450  1.304  
 9.26026e-01 9.99219e-01 4.22569e+05  2.450  1.304  
 9.26616e-01 9.99235e-01 4.18765e+05  2.450  1.304  
 9.27200e-01 9.99252e-01 4.14995e+05  2.450  1.304  
 9.27780e-01 9.99267e-01 4.11261e+05  2.450  1.304  
 9.28355e-01 9.99283e-01 4.07560e+05  2.450  1.304  
 9.28926e-01 9.99298e-01 4.03894e+05  2.450  1.304  
 9.29492e-01 9.99313e-01 4.00261e+05  2.450  1.304  
 9.30053e-01 9.99327e-01 3.96662e+05  2.450  1.304  
 9.30610e-01 9.99341e-01 3.93096e+05  2.450  1.304  
 9.31163e-01 9.99355e-01 3.89562e+05  2.450  1.304  
 9.31711e-01 9.99369e-01 3.86061e+05  2.450  1.304  
 9.32255e-01 9.99382e-01 3.82593e+05  2.450  1.304  
 9.32794e-01 9.99395e-01 3.79156e+05  2.450  1.304  
 9.33330e-01 9.99408e-01 3.75750e+05  2.450  1.304  
 9.33860e-01 9.99421e-01 3.72376e+05  2.450  1.304  
 9.34387e-01 9.99433e-01 3.69034e+05  2.450  1.304  
 9.34909e-01 9.99445e-01 3.65721e+05  2.450  1.304  
 9.35427e-01 9.99457e-01 3.62440e+05  2.450  1.304  
 9.35941e-01 9.99468e-01 3.59188e+05  2.450  1.304  
 9.36451e-01 9.99479e-01 3.55967e+05  2.450  1.304  
 9.36956e-01 9.99491e-01 3.52775e+05  2.450  1.304  
 9.37458e-01 9.99501e-01 3.49612e+05  2.450  1.304  
 9.37955e-01 9.99512e-01 3.46479e+05  2.450  1.304  
 9.38449e-01 9.99522e-01 3.43375e+05  2.450  1.304  
 9.38938e-01 9.99533e-01 3.40300e+05  2.450  1.304  
 9.39423e-01 9.99543e-01 3.37252e+05  2.450  1.304  
 9.39905e-01 9.99552e-01 3.34233e+05  2.450  1.304  
 9.40382e-01 9.99562e-01 3.31242e+05  2.450  1.304  
 9.40856e-01 9.99571e-01 3.28279e+05  2.450  1.304  
 9.41326e-01 9.99580e-01 3.25343e+05  2.450  1.304  
 9.41791e-01 9.99589e-01 3.22434e+05  2.450  1.304  
 9.42253e-01 9.99598e-01 3.19552e+05  2.450  1.304  
 9.42712e-01 9.99607e-01 3.16696e+05  2.450  1.304  
 9.43166e-01 9.99615e-01 3.13867e+05  2.450  1.304  
 9.43617e-01 9.99623e-01 3.11064e+05  2.450  1.304  
 9.44064e-01 9.99631e-01 3.08287e+05  2.450  1.304  
 9.44508e-01 9.99639e-01 3.05536e+05  2.450  1.304  
 9.44947e-01 9.99647e-01 3.02810e+05  2.450  1.304  
 9.45384e-01 9.99655e-01 3.00109e+05  2.450  1.304  
 9.45816e-01 9.99662e-01 2.97433e+05  2.450  1.304  
 9.46245e-01 9.99669e-01 2.94781e+05  2.450  1.304  
 9.46670e-01 9.99677e-01 2.92154e+05  2.450  1.304  
 9.47092e-01 9.99683e-01 2.89551e+05  2.450  1.304  
 9.47511e-01 9.99690e-01 2.86972e+05  2.450  1.304  
 9.47926e-01 9.99697e-01 2.84416e+05  2.450  1.304  
 9.48337e-01 9.99703e-01 2.81884e+05  2.450  1.304  
 9.48745e-01 9.99710e-01 2.79375e+05  2.450  1.304  
 9.49150e-01 9.99716e-01 2.76889e+05  2.450  1.304  
 9.49551e-01 9.99722e-01 2.74427e+05  2.450  1.304  
 9.49949e-01 9.99728e-01 2.71987e+05  2.450  1.304  
 9.50344e-01 9.99734e-01 2.69570e+05  2.450  1.304  
 9.50735e-01 9.99740e-01 2.67176e+05  2.450  1.304  
 9.51123e-01 9.99745e-01 2.64805e+05  2.450  1.304  
 9.51508e-01 9.99751e-01 2.62455e+05  2.450  1.304  
 9.51890e-01 9.99756e-01 2.60129e+05  2.450  1.304  
 9.52268e-01 9.99762e-01 2.57824e+05  2.450  1.304  
 9.52644e-01 9.99767e-01 2.55540e+05  2.450  1.304  
 9.53016e-01 9.99772e-01 2.53278e+05  2.450  1.304  
 9.53385e-01 9.99777e-01 2.51038e+05  2.450  1.304  
 9.53751e-01 9.99782e-01 2.48819e+05  2.450  1.304  
 9.54114e-01 9.99786e-01 2.46620e+05  2.450  1.304  
 9.54474e-01 9.99791e-01 2.44442e+05  2.450  1.304  
 9.54831e-01 9.99796e-01 2.42285e+05  2.450  1.304  
 9.55185e-01 9.99800e-01 2.40147e+05  2.450  1.304  
 9.55536e-01 9.99804e-01 2.38030e+05  2.450  1.304  
 9.55884e-01 9.99809e-01 2.35933e+05  2.450  1.304  
 9.56229e-01 9.99813e-01 2.33855e+05  2.450  1.304  
 9.56571e-01 9.99817e-01 2.31797e+05  2.450  1.304  
 9.56910e-01 9.99821e-01 2.29759e+05  2.450  1.304  
 9.57247e-01 9.99825e-01 2.27739e+05  2.450  1.304  
 9.57581e-01 9.99829e-01 2.25739e+05  2.450  1.304  
 9.57911e-01 9.99832e-01 2.23757e+05  2.450  1.304  
 9.58240e-01 9.99836e-01 2.21795e+05  2.450  1.304  
 9.58565e-01 9.99840e-01 2.19851e+05  2.450  1.304  
 9.58887e-01 9.99843e-01 2.17925e+05  2.450  1.304  
 9.59207e-01 9.99846e-01 2.16018e+05  2.450  1.304  
 9.59524e-01 9.99850e-01 2.14129e+05  2.450  1.304  
 9.59839e-01 9.99853e-01 2.12257e+05  2.450  1.304  
 9.60151e-01 9.99856e-01 2.10404e+05  2.450  1.304  
 9.60460e-01 9.99859e-01 2.08568e+05  2.450  1.304  
 9.60766e-01 9.99863e-01 2.06750e+05  2.450  1.304  
 9.61070e-01 9.99866e-01 2.04949e+05  2.450  1.304  
 9.61372e-01 9.99868e-01 2.03166e+05  2.450  1.304  
 9.61671e-01 9.99871e-01 2.01399e+05  2.450  1.304  
 9.61967e-01 9.99874e-01 1.99650e+05  2.450  1.304  
 9.62261e-01 9.99877e-01 1.97917e+05  2.450  1.304  
 9.62552e-01 9.99880e-01 1.96201e+05  2.450  1.304  
 9.62841e-01 9.99882e-01 1.94502e+05  2.450  1.304  
 9.63128e-01 9.99885e-01 1.92819e+05  2.450  1.304  
 9.63412e-01 9.99887e-01 1.91152e+05  2.450  1.304  
 9.63693e-01 9.99890e-01 1.89501e+05  2.450  1.304  
 9.63973e-01 9.99892e-01 1.87867e+05  2.450  1.304  
 9.64250e-01 9.99895e-01 1.86248e+05  2.450  1.304  
 9.64524e-01 9.99897e-01 1.84645e+05  2.450  1.304  
 9.64797e-01 9.99899e-01 1.83058e+05  2.450  1.304  
 9.65067e-01 9.99901e-01 1.81486e+05  2.450  1.304  
 9.65334e-01 9.99904e-01 1.79929e+05  2.450  1.304  
 9.65600e-01 9.99906e-01 1.78388e+05  2.450  1.304  
 9.65863e-01 9.99908e-01 1.76861e+05  2.450  1.304  
 9.66124e-01 9.99910e-01 1.75350e+05  2.450  1.304  
 9.66383e-01 9.99912e-01 1.73853e+05  2.450  1.304  
 9.66640e-01 9.99914e-01 1.72372e+05  2.450  1.304  
 9.66894e-01 9.99916e-01 1.70904e+05  2.450  1.304  
 9.67146e-01 9.99917e-01 1.69452e+05  2.450  1.304  
 9.67397e-01 9.99919e-01 1.68013e+05  2.450  1.304  
 9.67645e-01 9.99921e-01 1.66589e+05  2.450  1.304  
 9.67891e-01 9.99923e-01 1.65179e+05  2.450  1.304  
 9.68135e-01 9.99925e-01 1.63783e+05  2.450  1.304  
 9.68377e-01 9.99926e-01 1.62401e+05  2.450  1.304  
 9.68616e-01 9.99928e-01 1.61032e+05  2.450  1.304  
 9.68854e-01 9.99929e-01 1.59677e+05  2.450  1.304  
 9.69090e-01 9.99931e-01 1.58336e+05  2.450  1.304  
 9.69324e-01 9.99932e-01 1.57008e+05  2.450  1.304  
 9.69556e-01 9.99934e-01 1.55693e+05  2.450  1.304  
 9.69786e-01 9.99935e-01 1.54391e+05  2.450  1.304  
 9.70014e-01 9.99937e-01 1.53102e+05  2.450  1.304  
 9.70240e-01 9.99938e-01 1.51826e+05  2.450  1.304  
 9.70464e-01 9.99940e-01 1.50563e+05  2.450  1.304  
 9.70687e-01 9.99941e-01 1.49312e+05  2.450  1.304  
 9.70907e-01 9.99942e-01 1.48074e+05  2.450  1.304  
 9.71126e-01 9.99944e-01 1.46848e+05  2.450  1.304  
 9.71343e-01 9.99945e-01 1.45635e+05  2.450  1.304  
 9.71558e-01 9.99946e-01 1.44433e+05  2.450  1.304  
 9.71771e-01 9.99947e-01 1.43244e+05  2.450  1.304  
 9.71983e-01 9.99948e-01 1.42066e+05  2.450  1.304  
 9.72193e-01 9.99950e-01 1.40900e+05  2.450  1.304  
 9.72401e-01 9.99951e-01 1.39746e+05  2.450  1.304  
 9.72607e-01 9.99952e-01 1.38603e+05  2.450  1.304  
 9.72812e-01 9.99953e-01 1.37472e+05  2.450  1.304  
 9.73014e-01 9.99954e-01 1.36352e+05  2.450  1.304  
 9.73216e-01 9.99955e-01 1.35242e+05  2.450  1.304  
 9.73415e-01 9.99956e-01 1.34144e+05  2.450  1.304  
 9.73613e-01 9.99957e-01 1.33057e+05  2.450  1.304  
 9.73809e-01 9.99958e-01 1.31980e+05  2.450  1.304  
 9.74004e-01 9.99959e-01 1.30914e+05  2.450  1.304  
 9.74197e-01 9.99960e-01 1.29858e+05  2.450  1.304  
 9.74388e-01 9.99961e-01 1.28812e+05  2.450  1.304  
 9.74578e-01 9.99961e-01 1.27777e+05  2.450  1.304  
 9.74767e-01 9.99962e-01 1.26751e+05  2.450  1.304  
 9.74954e-01 9.99963e-01 1.25736e+05  2.450  1.304  
 9.75139e-01 9.99964e-01 1.24730e+05  2.450  1.304  
 9.75323e-01 9.99965e-01 1.23733e+05  2.450  1.304  
 9.75505e-01 9.99966e-01 1.22747e+05  2.450  1.304  
 9.75686e-01 9.99966e-01 1.21769e+05  2.450  1.304  
 9.75865e-01 9.99967e-01 1.20801e+05  2.450  1.304  
 9.76043e-01 9.99968e-01 1.19842e+05  2.450  1.304  
 9.76219e-01 9.99968e-01 1.18892e+05  2.450  1.304  
 9.76394e-01 9.99969e-01 1.17950e+05  2.450  1.304  
 9.76567e-01 9.99970e-01 1.17017e+05  2.450  1.304  
 9.76739e-01 9.99971e-01 1.16093e+05  2.450  1.304  
 9.76910e-01 9.99971e-01 1.15177e+05  2.450  1.304  
 9.77079e-01 9.99972e-01 1.14269e+05  2.450  1.304  
 9.77247e-01 9.99972e-01 1.13370e+05  2.450  1.304  
 9.77414e-01 9.99973e-01 1.12478e+05  2.450  1.304  
 9.77579e-01 9.99974e-01 1.11594e+05  2.450  1.304  
 9.77743e-01 9.99974e-01 1.10718e+05  2.450  1.304  
 9.77906e-01 9.99975e-01 1.09850e+05  2.450  1.304  
 9.78067e-01 9.99975e-01 1.08989e+05  2.450  1.304  
 9.78227e-01 9.99976e-01 1.08135e+05  2.450  1.304  
 9.78385e-01 9.99976e-01 1.07289e+05  2.450  1.304  
 9.78543e-01 9.99977e-01 1.06449e+05  2.450  1.304  
 9.78699e-01 9.99978e-01 1.05617e+05  2.450  1.304  
 9.78854e-01 9.99978e-01 1.04792e+05  2.450  1.304  
 9.79007e-01 9.99979e-01 1.03973e+05  2.450  1.304  
 9.79159e-01 9.99979e-01 1.03161e+05  2.450  1.304  
 9.79311e-01 9.99979e-01 1.02355e+05  2.450  1.304  
 9.79460e-01 9.99980e-01 1.01556e+05  2.450  1.304  
 9.79609e-01 9.99980e-01 1.00763e+05  2.450  1.304  
 9.79757e-01 9.99981e-01 9.99760e+04  2.450  1.304  
 9.79903e-01 9.99981e-01 9.91954e+04  2.450  1.304  
 9.80048e-01 9.99982e-01 9.84207e+04  2.450  1.304  
 9.80192e-01 9.99982e-01 9.76519e+04  2.450  1.304  
 9.80334e-01 9.99982e-01 9.68889e+04  2.450  1.304  
 9.80476e-01 9.99983e-01 9.61317e+04  2.450  1.304  
 9.80616e-01 9.99983e-01 9.53801e+04  2.450  1.304  
 9.80756e-01 9.99984e-01 9.46340e+04  2.450  1.304  
 9.80894e-01 9.99984e-01 9.38935e+04  2.450  1.304  
 9.81031e-01 9.99984e-01 9.31584e+04  2.450  1.304  
 9.81167e-01 9.99985e-01 9.24286e+04  2.450  1.304  
 9.81301e-01 9.99985e-01 9.17041e+04  2.450  1.304  
 9.81435e-01 9.99985e-01 9.09847e+04  2.450  1.304  
 9.81568e-01 9.99986e-01 9.02706e+04  2.450  1.304  
 9.81699e-01 9.99986e-01 8.95615e+04  2.450  1.304  
 9.81830e-01 9.99986e-01 8.88575e+04  2.450  1.304  
 9.81959e-01 9.99987e-01 8.81584e+04  2.450  1.304  
 9.82087e-01 9.99987e-01 8.74643e+04  2.450  1.304  
 9.82214e-01 9.99987e-01 8.67752e+04  2.450  1.304  
 9.82340e-01 9.99988e-01 8.60909e+04  2.450  1.304  
 9.82466e-01 9.99988e-01 8.54115e+04  2.450  1.304  
 9.82590e-01 9.99988e-01 8.47369e+04  2.450  1.304  
 9.82713e-01 9.99988e-01 8.40671e+04  2.450  1.304  
 9.82835e-01 9.99989e-01 8.34022e+04  2.450  1.304  
 9.82956e-01 9.99989e-01 8.27420e+04  2.450  1.304  
 9.83076e-01 9.99989e-01 8.20866e+04  2.450  1.304  
 9.83195e-01 9.99989e-01 8.14359e+04  2.450  1.304  
 9.83313e-01 9.99990e-01 8.07901e+04  2.450  1.304  
 9.83430e-01 9.99990e-01 8.01489e+04  2.450  1.304  
 9.83546e-01 9.99990e-01 7.95125e+04  2.450  1.304  
 9.83662e-01 9.99990e-01 7.88808e+04  2.450  1.304  
 9.83776e-01 9.99990e-01 7.82538e+04  2.450  1.304  
 9.83889e-01 9.99991e-01 7.76316e+04  2.450  1.304  
 9.84001e-01 9.99991e-01 7.70141e+04  2.450  1.304  
 9.84113e-01 9.99991e-01 7.64013e+04  2.450  1.304  
 9.84223e-01 9.99991e-01 7.57933e+04  2.450  1.304  
 9.84333e-01 9.99992e-01 7.51901e+04  2.450  1.304  
 9.84441e-01 9.99992e-01 7.45916e+04  2.450  1.304  
 9.84549e-01 9.99992e-01 7.39979e+04  2.450  1.304  
 9.84656e-01 9.99992e-01 7.34090e+04  2.450  1.304  
 9.84761e-01 9.99992e-01 7.28249e+04  2.450  1.304  
 9.84866e-01 9.99992e-01 7.22456e+04  2.450  1.304  
 9.84970e-01 9.99993e-01 7.16711e+04  2.450  1.304  
 9.85074e-01 9.99993e-01 7.11015e+04  2.450  1.304  
 9.85176e-01 9.99993e-01 7.05367e+04  2.450  1.304  
 9.85278e-01 9.99993e-01 6.99768e+04  2.450  1.304  
 9.85378e-01 9.99993e-01 6.94218e+04  2.450  1.304  
 9.85478e-01 9.99993e-01 6.88716e+04  2.450  1.304  
 9.85577e-01 9.99994e-01 6.83263e+04  2.450  1.304  
 9.85675e-01 9.99994e-01 6.77859e+04  2.450  1.304  
 9.85772e-01 9.99994e-01 6.72504e+04  2.450  1.304  
 9.85869e-01 9.99994e-01 6.67197e+04  2.450  1.304  
 9.85965e-01 9.99994e-01 6.61939e+04  2.450  1.304  
 9.86059e-01 9.99994e-01 6.56731e+04  2.450  1.304  
 9.86154e-01 9.99994e-01 6.51571e+04  2.450  1.304  
 9.86247e-01 9.99994e-01 6.46460e+04  2.450  1.304  
 9.86339e-01 9.99995e-01 6.41398e+04  2.450  1.304  
 9.86431e-01 9.99995e-01 6.36385e+04  2.450  1.304  
 9.86522e-01 9.99995e-01 6.31421e+04  2.450  1.304  
 9.86612e-01 9.99995e-01 6.26506e+04  2.450  1.304  
 9.86702e-01 9.99995e-01 6.21639e+04  2.450  1.304  
 9.86790e-01 9.99995e-01 6.16821e+04  2.450  1.304  
 9.86878e-01 9.99995e-01 6.12052e+04  2.450  1.304  
 9.86965e-01 9.99995e-01 6.07330e+04  2.450  1.304  
 9.87052e-01 9.99996e-01 6.02657e+04  2.450  1.304  
 9.87138e-01 9.99996e-01 5.98032e+04  2.450  1.304  
 9.87223e-01 9.99996e-01 5.93455e+04  2.450  1.304  
 9.87307e-01 9.99996e-01 5.88926e+04  2.450  1.304  
 9.87391e-01 9.99996e-01 5.84444e+04  2.450  1.304  
 9.87474e-01 9.99996e-01 5.80009e+04  2.450  1.304  
 9.87556e-01 9.99996e-01 5.75622e+04  2.450  1.304  
 9.87637e-01 9.99996e-01 5.71281e+04  2.450  1.304  
 9.87718e-01 9.99996e-01 5.66987e+04  2.450  1.304  
 9.87799e-01 9.99996e-01 5.62740e+04  2.450  1.304  
 9.87878e-01 9.99996e-01 5.58538e+04  2.450  1.304  
 9.87957e-01 9.99997e-01 5.54383e+04  2.450  1.304  
 9.88035e-01 9.99997e-01 5.50273e+04  2.450  1.304  
 9.88113e-01 9.99997e-01 5.46208e+04  2.450  1.304  
 9.88190e-01 9.99997e-01 5.42189e+04  2.450  1.304  
 9.88267e-01 9.99997e-01 5.38214e+04  2.450  1.304  
 9.88342e-01 9.99997e-01 5.34284e+04  2.450  1.304  
 9.88418e-01 9.99997e-01 5.30398e+04  2.450  1.304  
 9.88492e-01 9.99997e-01 5.26555e+04  2.450  1.304  
 9.88566e-01 9.99997e-01 5.22755e+04  2.450  1.304  
 9.88640e-01 9.99997e-01 5.18999e+04  2.450  1.304  
 9.88712e-01 9.99997e-01 5.15285e+04  2.450  1.304  
 9.88785e-01 9.99997e-01 5.11613e+04  2.450  1.304  
 9.88856e-01 9.99997e-01 5.07983e+04  2.450  1.304  
 9.88927e-01 9.99997e-01 5.04394e+04  2.450  1.304  
 9.88998e-01 9.99997e-01 5.00847e+04  2.450  1.304  
 9.89068e-01 9.99998e-01 4.97340e+04  2.450  1.304  
 9.89137e-01 9.99998e-01 4.93873e+04  2.450  1.304  
 9.89206e-01 9.99998e-01 4.90445e+04  2.450  1.304  
 9.89274e-01 9.99998e-01 4.87058e+04  2.450  1.304  
 9.89342e-01 9.99998e-01 4.83709e+04  2.450  1.304  
 9.89410e-01 9.99998e-01 4.80399e+04  2.450  1.304  
 9.89476e-01 9.99998e-01 4.77127e+04  2.450  1.304  
 9.89543e-01 9.99998e-01 4.73893e+04  2.450  1.304  
 9.89608e-01 9.99998e-01 4.70696e+04  2.450  1.304  
 9.89674e-01 9.99998e-01 4.67536e+04  2.450  1.304  
 9.89738e-01 9.99998e-01 4.64412e+04  2.450  1.304  
 9.89803e-01 9.99998e-01 4.61323e+04  2.450  1.304  
 9.89866e-01 9.99998e-01 4.58271e+04  2.450  1.304  
 9.89930e-01 9.99998e-01 4.55253e+04  2.450  1.304  
 9.89993e-01 9.99998e-01 4.52269e+04  2.450  1.304  
 9.90055e-01 9.99998e-01 4.49319e+04  2.450  1.304  
 9.90117e-01 9.99998e-01 4.46403e+04  2.450  1.304  
 9.90178e-01 9.99998e-01 4.43519e+04  2.450  1.304  
 9.90239e-01 9.99998e-01 4.40669e+04  2.450  1.304  
 9.90300e-01 9.99998e-01 4.37850e+04  2.450  1.304  
 9.90360e-01 9.99998e-01 4.35064e+04  2.450  1.304  
 9.90419e-01 9.99998e-01 4.32309e+04  2.450  1.304  
 9.90479e-01 9.99998e-01 4.29584e+04  2.450  1.304  
 9.90537e-01 9.99999e-01 4.26890e+04  2.450  1.304  
 9.90596e-01 9.99999e-01 4.24226e+04  2.450  1.304  
 9.90653e-01 9.99999e-01 4.21592e+04  2.450  1.304  
 9.90711e-01 9.99999e-01 4.18986e+04  2.450  1.304  
 9.90768e-01 9.99999e-01 4.16409e+04  2.450  1.304  
 9.90825e-01 9.99999e-01 4.13861e+04  2.450  1.304  
 9.90881e-01 9.99999e-01 4.11340e+04  2.450  1.304  
 9.90937e-01 9.99999e-01 4.08846e+04  2.450  1.304  
 9.90992e-01 9.99999e-01 4.06379e+04  2.450  1.304  
 9.91047e-01 9.99999e-01 4.03938e+04  2.450  1.304  
 9.91102e-01 9.99999e-01 4.01524e+04  2.450  1.304  
 9.91156e-01 9.99999e-01 3.99135e+04  2.450  1.304  
 9.91210e-01 9.99999e-01 3.96771e+04  2.450  1.304  
 9.91264e-01 9.99999e-01 3.94431e+04  2.450  1.304  
 9.91317e-01 9.99999e-01 3.92117e+04  2.450  1.304  
 9.91370e-01 9.99999e-01 3.89826e+04  2.450  1.304  
 9.91422e-01 9.99999e-01 3.87560e+04  2.450  1.304  
 9.91475e-01 9.99999e-01 3.85316e+04  2.450  1.304  
 9.91526e-01 9.99999e-01 3.83096e+04  2.450  1.304  
 9.91578e-01 9.99999e-01 3.80898e+04  2.450  1.304  
 9.91629e-01 9.99999e-01 3.78723e+04  2.450  1.304  
 9.91680e-01 9.99999e-01 3.76569e+04  2.450  1.304  
 9.91730e-01 9.99999e-01 3.74438e+04  2.450  1.304  
 9.91780e-01 9.99999e-01 3.72327e+04  2.450  1.304  
 9.91830e-01 9.99999e-01 3.70237e+04  2.450  1.304  
 9.91879e-01 9.99999e-01 3.68168e+04  2.450  1.304  
 9.91928e-01 9.99999e-01 3.66119e+04  2.450  1.304  
 9.91977e-01 9.99999e-01 3.64090e+04  2.450  1.304  
 9.92025e-01 9.99999e-01 3.62080e+04  2.450  1.304  
 9.92073e-01 9.99999e-01 3.60090e+04  2.450  1.304  
 9.92121e-01 9.99999e-01 3.58119e+04  2.450  1.304  
 9.92168e-01 9.99999e-01 3.56167e+04  2.450  1.304  
 9.92215e-01 9.99999e-01 3.54233e+04  2.450  1.304  
 9.92262e-01 9.99999e-01 3.52318e+04  2.450  1.304  
 9.92309e-01 9.99999e-01 3.50421e+04  2.450  1.304  
 9.92355e-01 9.99999e-01 3.48541e+04  2.450  1.304  
 9.92401e-01 9.99999e-01 3.46679e+04  2.450  1.304  
 9.92446e-01 9.99999e-01 3.44835e+04  2.450  1.304  
 9.92492e-01 9.99999e-01 3.43007e+04  2.450  1.304  
 9.92537e-01 9.99999e-01 3.41197e+04  2.450  1.304  
 9.92581e-01 9.99999e-01 3.39403e+04  2.450  1.304  
 9.92626e-01 9.99999e-01 3.37625e+04  2.450  1.304  
 9.92670e-01 9.99999e-01 3.35864e+04  2.450  1.304  
 9.92714e-01 9.99999e-01 3.34119e+04  2.450  1.304  
 9.92757e-01 9.99999e-01 3.32389e+04  2.450  1.304  
 9.92801e-01 9.99999e-01 3.30675e+04  2.450  1.304  
 9.92844e-01 9.99999e-01 3.28976e+04  2.450  1.304  
 9.92929e-01 1.00000e+00 3.25624e+04  2.450  1.304  
 9.93013e-01 1.00000e+00 3.22331e+04  2.450  1.304  
 9.93097e-01 1.00000e+00 3.19097e+04  2.450  1.304  
 9.93179e-01 1.00000e+00 3.15920e+04  2.450  1.304  
 9.93260e-01 1.00000e+00 3.12798e+04  2.450  1.304  
 9.93340e-01 1.00000e+00 3.09730e+04  2.450  1.304  
 9.93419e-01 1.00000e+00 3.06716e+04  2.450  1.304  
 9.93498e-01 1.00000e+00 3.03753e+04  2.450  1.304  
 9.93575e-01 1.00000e+00 3.00841e+04  2.450  1.304  
 9.93651e-01 1.00000e+00 2.97979e+04  2.450  1.304  
 9.93727e-01 1.00000e+00 2.95166e+04  2.450  1.304  
 9.93802e-01 1.00000e+00 2.92401e+04  2.450  1.304  
 9.93875e-01 1.00000e+00 2.89682e+04  2.450  1.304  
 9.93948e-01 1.00000e+00 2.87010e+04  2.450  1.304  
 9.94020e-01 1.00000e+00 2.84382e+04  2.450  1.304  
 9.94127e-01 1.00000e+00 2.80524e+04  2.450  1.304  
 9.94231e-01 1.00000e+00 2.76762e+04  2.450  1.304  
 9.94334e-01 1.00000e+00 2.73093e+04  2.450  1.304  
 9.94435e-01 1.00000e+00 2.69515e+04  2.450  1.304  
 9.94535e-01 1.00000e+00 2.66025e+04  2.450  1.304  
 9.94633e-01 1.00000e+00 2.62620e+04  2.450  1.304  
 9.94761e-01 1.00000e+00 2.58208e+04  2.450  1.304  
 9.94886e-01 1.00000e+00 2.53935e+04  2.450  1.304  
 9.95008e-01 1.00000e+00 2.49796e+04  2.450  1.304  
 9.95158e-01 1.00000e+00 2.44803e+04  2.450  1.304  
 9.95303e-01 1.00000e+00 2.39998e+04  2.450  1.304  
 9.95473e-01 1.00000e+00 2.34466e+04  2.450  1.304  
 9.95665e-01 1.00000e+00 2.28315e+04  2.450  1.304  
 9.95876e-01 1.00000e+00 2.21651e+04  2.450  1.304  
 9.96103e-01 1.00000e+00 2.14581e+04  2.450  1.304  
 9.96391e-01 1.00000e+00 2.05787e+04  2.450  1.304  
 9.96750e-01 1.00000e+00 1.95042e+04  2.450  1.304  
 9.97294e-01 1.00000e+00 1.79002e+04  2.450  1.304  
 9.97488e-01 1.00000e+00 1.73402e+04  2.450  1.304  
