   age(Myr)     LI7    Be9 
    0.020  3.301  1.440  
    0.020  3.301  1.440  
    0.030  3.301  1.440  
    0.030  3.301  1.440  
    0.040  3.301  1.440  
    0.040  3.301  1.440  
    0.050  3.301  1.440  
    0.050  3.301  1.440  
    0.060  3.301  1.440  
    0.060  3.301  1.440  
    0.070  3.301  1.440  
    0.080  3.301  1.440  
    0.080  3.301  1.440  
    0.090  3.301  1.440  
    0.100  3.301  1.440  
    0.100  3.301  1.440  
    0.110  3.301  1.440  
    0.120  3.301  1.440  
    0.130  3.301  1.440  
    0.130  3.301  1.440  
    0.140  3.301  1.440  
    0.150  3.301  1.440  
    0.160  3.301  1.440  
    0.170  3.301  1.440  
    0.180  3.301  1.440  
    0.190  3.301  1.440  
    0.200  3.301  1.440  
    0.210  3.301  1.440  
    0.220  3.301  1.440  
    0.230  3.301  1.440  
    0.240  3.301  1.440  
    0.260  3.301  1.440  
    0.270  3.301  1.440  
    0.280  3.301  1.440  
    0.290  3.301  1.440  
    0.310  3.301  1.440  
    0.320  3.301  1.440  
    0.340  3.301  1.440  
    0.350  3.301  1.440  
    0.370  3.301  1.440  
    0.380  3.301  1.440  
    0.400  3.301  1.440  
    0.420  3.301  1.440  
    0.440  3.301  1.440  
    0.460  3.301  1.440  
    0.470  3.301  1.440  
    0.490  3.301  1.440  
    0.520  3.301  1.440  
    0.540  3.301  1.440  
    0.560  3.301  1.440  
    0.580  3.301  1.440  
    0.610  3.301  1.440  
    0.630  3.301  1.440  
    0.660  3.301  1.440  
    0.680  3.301  1.440  
    0.710  3.301  1.440  
    0.740  3.301  1.440  
    0.770  3.301  1.440  
    0.800  3.301  1.440  
    0.830  3.301  1.440  
    0.860  3.301  1.440  
    0.900  3.301  1.440  
    0.930  3.301  1.440  
    0.970  3.301  1.440  
    1.000  3.300  1.440  
    1.040  3.300  1.440  
    1.080  3.300  1.440  
    1.120  3.300  1.440  
    1.160  3.299  1.440  
    1.210  3.299  1.440  
    1.260  3.298  1.440  
    1.300  3.297  1.440  
    1.350  3.296  1.440  
    1.410  3.295  1.440  
    1.460  3.293  1.440  
    1.520  3.291  1.440  
    1.570  3.287  1.440  
    1.630  3.283  1.440  
    1.700  3.278  1.440  
    1.760  3.272  1.440  
    1.830  3.265  1.440  
    1.900  3.258  1.440  
    1.970  3.249  1.440  
    2.000  3.244  1.440  
    2.050  3.238  1.440  
    2.110  3.228  1.440  
    2.190  3.216  1.440  
    2.280  3.203  1.440  
    2.360  3.189  1.440  
    2.450  3.174  1.440  
    2.540  3.158  1.440  
    2.640  3.140  1.440  
    2.730  3.122  1.439  
    2.840  3.102  1.439  
    2.940  3.082  1.439  
    3.050  3.059  1.439  
    3.160  3.036  1.439  
    3.270  3.013  1.439  
    3.390  2.988  1.439  
    3.510  2.961  1.439  
    3.640  2.936  1.439  
    3.760  2.908  1.439  
    3.900  2.879  1.439  
    4.030  2.850  1.439  
    4.170  2.820  1.438  
    4.320  2.791  1.438  
    4.460  2.760  1.438  
    4.620  2.729  1.438  
    4.770  2.697  1.438  
    4.930  2.663  1.438  
    5.000  2.648  1.438  
    5.100  2.627  1.438  
    5.260  2.594  1.438  
    5.430  2.560  1.438  
    5.610  2.526  1.438  
    5.790  2.492  1.438  
    5.970  2.460  1.437  
    6.160  2.427  1.437  
    6.350  2.396  1.437  
    6.550  2.364  1.437  
    6.750  2.334  1.437  
    6.950  2.304  1.437  
    7.160  2.275  1.437  
    7.370  2.248  1.437  
    7.590  2.220  1.437  
    7.810  2.192  1.437  
    8.030  2.166  1.437  
    8.260  2.142  1.437  
    8.490  2.116  1.437  
    8.730  2.094  1.437  
    8.970  2.073  1.436  
    9.210  2.051  1.436  
    9.450  2.031  1.436  
    9.700  2.012  1.436  
    9.950  1.994  1.436  
   10.000  1.990  1.436  
   10.070  1.985  1.436  
   10.180  1.978  1.436  
   10.330  1.967  1.436  
   10.520  1.955  1.436  
   10.780  1.939  1.436  
   11.040  1.925  1.436  
   11.310  1.912  1.436  
   11.580  1.900  1.436  
   11.850  1.889  1.436  
   12.130  1.878  1.436  
   12.400  1.868  1.436  
   12.680  1.858  1.436  
   12.960  1.849  1.436  
   13.250  1.841  1.436  
   13.530  1.834  1.436  
   13.820  1.827  1.436  
   14.100  1.821  1.436  
   14.390  1.815  1.436  
   14.680  1.810  1.436  
   14.980  1.806  1.436  
   15.270  1.801  1.436  
   15.560  1.798  1.436  
   15.860  1.794  1.436  
   16.150  1.791  1.436  
   16.450  1.788  1.436  
   16.750  1.785  1.436  
   17.050  1.782  1.436  
   17.350  1.780  1.436  
   17.650  1.778  1.436  
   17.950  1.777  1.436  
   18.250  1.775  1.436  
   18.550  1.774  1.436  
   18.850  1.773  1.436  
   19.150  1.772  1.436  
   19.450  1.771  1.436  
   19.760  1.770  1.436  
   20.060  1.769  1.436  
   20.360  1.768  1.436  
   20.540  1.768  1.436  
   20.780  1.768  1.436  
   21.090  1.767  1.436  
   21.390  1.767  1.436  
   21.580  1.766  1.436  
   21.690  1.766  1.436  
   21.860  1.766  1.436  
   22.100  1.766  1.436  
   22.410  1.766  1.436  
   22.720  1.765  1.436  
   23.030  1.765  1.436  
   23.340  1.765  1.436  
   23.650  1.765  1.436  
   23.960  1.765  1.436  
   24.280  1.765  1.436  
   24.590  1.765  1.436  
   24.910  1.764  1.436  
   25.230  1.764  1.436  
   25.550  1.764  1.436  
   25.870  1.764  1.436  
   26.180  1.764  1.436  
   26.440  1.764  1.436  
   26.670  1.764  1.436  
   26.880  1.764  1.436  
   27.060  1.764  1.436  
   27.230  1.764  1.436  
   27.390  1.764  1.436  
   27.540  1.764  1.436  
   27.680  1.764  1.436  
   27.820  1.764  1.436  
   27.960  1.764  1.436  
   28.090  1.764  1.436  
   28.230  1.764  1.436  
   28.360  1.764  1.436  
   28.500  1.764  1.436  
   28.580  1.764  1.436  
   28.650  1.764  1.436  
   28.720  1.764  1.436  
   28.790  1.764  1.436  
   28.880  1.764  1.436  
   28.990  1.764  1.436  
   29.080  1.764  1.436  
   29.160  1.764  1.436  
   29.280  1.764  1.436  
   29.410  1.764  1.436  
   29.580  1.764  1.436  
   29.690  1.764  1.436  
   29.850  1.764  1.436  
   30.030  1.764  1.436  
   30.140  1.764  1.436  
   30.290  1.764  1.436  
   30.500  1.764  1.436  
   30.700  1.764  1.436  
   30.920  1.764  1.436  
   31.090  1.764  1.436  
   31.240  1.764  1.436  
   31.410  1.764  1.436  
   31.610  1.764  1.435  
   31.760  1.764  1.435  
   32.000  1.764  1.435  
   32.180  1.764  1.435  
   32.440  1.764  1.435  
   32.710  1.764  1.435  
   33.060  1.764  1.435  
   33.370  1.764  1.435  
   33.800  1.764  1.435  
   34.250  1.764  1.435  
   34.760  1.764  1.435  
   35.290  1.764  1.435  
   35.860  1.764  1.435  
   36.500  1.764  1.435  
   37.240  1.764  1.435  
   38.000  1.764  1.435  
   39.150  1.764  1.435  
   40.860  1.764  1.435  
  156.391  1.732  1.432  
  234.540  1.706  1.430  
  302.228  1.686  1.428  
  376.871  1.665  1.426  
  457.668  1.642  1.424  
  547.332  1.617  1.421  
  643.246  1.592  1.419  
  747.557  1.566  1.415  
  858.616  1.540  1.411  
  932.297  1.523  1.409  
  978.167  1.512  1.407  
 1034.379  1.500  1.405  
 1118.697  1.482  1.402  
 1216.498  1.462  1.398  
 1344.137  1.438  1.393  
 1431.656  1.421  1.389  
 1524.951  1.404  1.386  
 1622.793  1.386  1.382  
 1674.615  1.378  1.380  
 1705.061  1.373  1.378  
 1750.729  1.365  1.377  
 1819.231  1.353  1.374  
 1921.983  1.337  1.370  
 2047.099  1.318  1.364  
 2171.717  1.299  1.360  
 2263.169  1.286  1.356  
 2387.010  1.268  1.351  
 2510.284  1.250  1.346  
 2633.057  1.233  1.341  
 2711.294  1.223  1.338  
 2790.283  1.213  1.335  
 2872.948  1.203  1.332  
 2944.556  1.195  1.329  
 2984.764  1.191  1.328  
 3020.015  1.187  1.327  
 3068.760  1.181  1.325  
 3141.878  1.172  1.322  
 3251.555  1.159  1.318  
 3370.972  1.146  1.314  
 3489.809  1.133  1.309  
 3591.091  1.122  1.306  
 3641.732  1.116  1.304  
 3688.684  1.112  1.302  
 3759.113  1.104  1.299  
 3864.757  1.094  1.296  
 3981.081  1.082  1.291  
 4096.780  1.070  1.287  
 4211.865  1.059  1.283  
 4315.359  1.050  1.280  
 4429.289  1.039  1.276  
 4509.025  1.032  1.273  
 4570.000  1.026  1.271  
 4570.000  1.026  1.271  
 4570.000  1.026  1.271  
 4570.000  1.026  1.271  
