   R/R_sun      m/M_sun       T         Li    Be 
 1.20619e-03 1.00192e-07 1.37792e+07 -inf -inf  
 1.22485e-03 1.04914e-07 1.37792e+07 -inf -inf  
 1.24380e-03 1.09858e-07 1.37792e+07 -inf -inf  
 1.26304e-03 1.15036e-07 1.37792e+07 -inf -inf  
 1.28257e-03 1.20457e-07 1.37792e+07 -inf -inf  
 1.30241e-03 1.26134e-07 1.37792e+07 -inf -inf  
 1.32256e-03 1.32079e-07 1.37791e+07 -inf -inf  
 1.34302e-03 1.38304e-07 1.37791e+07 -inf -inf  
 1.36380e-03 1.44822e-07 1.37791e+07 -inf -inf  
 1.38489e-03 1.51647e-07 1.37791e+07 -inf -inf  
 1.40632e-03 1.58794e-07 1.37791e+07 -inf -inf  
 1.42807e-03 1.66278e-07 1.37791e+07 -inf -inf  
 1.45016e-03 1.74114e-07 1.37791e+07 -inf -inf  
 1.47259e-03 1.82320e-07 1.37791e+07 -inf -inf  
 1.49537e-03 1.90912e-07 1.37791e+07 -inf -inf  
 1.51851e-03 1.99910e-07 1.37790e+07 -inf -inf  
 1.54200e-03 2.09331e-07 1.37790e+07 -inf -inf  
 1.56585e-03 2.19196e-07 1.37790e+07 -inf -inf  
 1.59007e-03 2.29527e-07 1.37790e+07 -inf -inf  
 1.61467e-03 2.40344e-07 1.37790e+07 -inf -inf  
 1.63965e-03 2.51671e-07 1.37790e+07 -inf -inf  
 1.66501e-03 2.63532e-07 1.37790e+07 -inf -inf  
 1.69077e-03 2.75952e-07 1.37790e+07 -inf -inf  
 1.71692e-03 2.88957e-07 1.37790e+07 -inf -inf  
 1.74348e-03 3.02575e-07 1.37789e+07 -inf -inf  
 1.77045e-03 3.16835e-07 1.37789e+07 -inf -inf  
 1.79784e-03 3.31767e-07 1.37789e+07 -inf -inf  
 1.82565e-03 3.47403e-07 1.37789e+07 -inf -inf  
 1.85389e-03 3.63776e-07 1.37789e+07 -inf -inf  
 1.88257e-03 3.80920e-07 1.37788e+07 -inf -inf  
 1.91169e-03 3.98872e-07 1.37788e+07 -inf -inf  
 1.94127e-03 4.17670e-07 1.37788e+07 -inf -inf  
 1.97130e-03 4.37354e-07 1.37788e+07 -inf -inf  
 2.00179e-03 4.57966e-07 1.37788e+07 -inf -inf  
 2.03276e-03 4.79550e-07 1.37788e+07 -inf -inf  
 2.06420e-03 5.02150e-07 1.37787e+07 -inf -inf  
 2.09613e-03 5.25816e-07 1.37787e+07 -inf -inf  
 2.12856e-03 5.50597e-07 1.37787e+07 -inf -inf  
 2.16149e-03 5.76545e-07 1.37787e+07 -inf -inf  
 2.19493e-03 6.03717e-07 1.37786e+07 -inf -inf  
 2.22888e-03 6.32169e-07 1.37786e+07 -inf -inf  
 2.26336e-03 6.61963e-07 1.37786e+07 -inf -inf  
 2.29837e-03 6.93160e-07 1.37786e+07 -inf -inf  
 2.33393e-03 7.25828e-07 1.37786e+07 -inf -inf  
 2.37003e-03 7.60035e-07 1.37785e+07 -inf -inf  
 2.40670e-03 7.95854e-07 1.37785e+07 -inf -inf  
 2.44393e-03 8.33362e-07 1.37785e+07 -inf -inf  
 2.48173e-03 8.72637e-07 1.37784e+07 -inf -inf  
 2.52012e-03 9.13763e-07 1.37784e+07 -inf -inf  
 2.55911e-03 9.56827e-07 1.37784e+07 -inf -inf  
 2.59870e-03 1.00192e-06 1.37783e+07 -inf -inf  
 2.63890e-03 1.04914e-06 1.37783e+07 -inf -inf  
 2.67972e-03 1.09858e-06 1.37783e+07 -inf -inf  
 2.72118e-03 1.15036e-06 1.37782e+07 -inf -inf  
 2.76327e-03 1.20457e-06 1.37782e+07 -inf -inf  
 2.80602e-03 1.26134e-06 1.37782e+07 -inf -inf  
 2.84943e-03 1.32079e-06 1.37781e+07 -inf -inf  
 2.89351e-03 1.38304e-06 1.37781e+07 -inf -inf  
 2.93827e-03 1.44822e-06 1.37780e+07 -inf -inf  
 2.98373e-03 1.51647e-06 1.37780e+07 -inf -inf  
 3.02989e-03 1.58794e-06 1.37780e+07 -inf -inf  
 3.07676e-03 1.66278e-06 1.37779e+07 -inf -inf  
 3.12436e-03 1.74114e-06 1.37779e+07 -inf -inf  
 3.17269e-03 1.82320e-06 1.37778e+07 -inf -inf  
 3.22177e-03 1.90912e-06 1.37778e+07 -inf -inf  
 3.27161e-03 1.99910e-06 1.37777e+07 -inf -inf  
 3.32222e-03 2.09331e-06 1.37777e+07 -inf -inf  
 3.37362e-03 2.19196e-06 1.37776e+07 -inf -inf  
 3.42581e-03 2.29527e-06 1.37776e+07 -inf -inf  
 3.47881e-03 2.40344e-06 1.37775e+07 -inf -inf  
 3.53263e-03 2.51671e-06 1.37774e+07 -inf -inf  
 3.58728e-03 2.63532e-06 1.37774e+07 -inf -inf  
 3.64278e-03 2.75952e-06 1.37773e+07 -inf -inf  
 3.69913e-03 2.88957e-06 1.37772e+07 -inf -inf  
 3.75636e-03 3.02575e-06 1.37772e+07 -inf -inf  
 3.81447e-03 3.16835e-06 1.37771e+07 -inf -inf  
 3.87348e-03 3.31767e-06 1.37770e+07 -inf -inf  
 3.93341e-03 3.47403e-06 1.37770e+07 -inf -inf  
 3.99426e-03 3.63776e-06 1.37769e+07 -inf -inf  
 4.05606e-03 3.80920e-06 1.37768e+07 -inf -inf  
 4.11881e-03 3.98872e-06 1.37767e+07 -inf -inf  
 4.18253e-03 4.17670e-06 1.37766e+07 -inf -inf  
 4.24724e-03 4.37354e-06 1.37766e+07 -inf -inf  
 4.31294e-03 4.57966e-06 1.37765e+07 -inf -inf  
 4.37967e-03 4.79550e-06 1.37764e+07 -inf -inf  
 4.44743e-03 5.02150e-06 1.37763e+07 -inf -inf  
 4.51624e-03 5.25816e-06 1.37762e+07 -inf -inf  
 4.58611e-03 5.50597e-06 1.37761e+07 -inf -inf  
 4.65706e-03 5.76545e-06 1.37760e+07 -inf -inf  
 4.72911e-03 6.03717e-06 1.37759e+07 -inf -inf  
 4.80228e-03 6.32169e-06 1.37758e+07 -inf -inf  
 4.87658e-03 6.61963e-06 1.37756e+07 -inf -inf  
 4.95202e-03 6.93160e-06 1.37755e+07 -inf -inf  
 5.02864e-03 7.25828e-06 1.37754e+07 -inf -inf  
 5.10644e-03 7.60035e-06 1.37753e+07 -inf -inf  
 5.18545e-03 7.95854e-06 1.37751e+07 -inf -inf  
 5.26568e-03 8.33362e-06 1.37750e+07 -inf -inf  
 5.34715e-03 8.72637e-06 1.37749e+07 -inf -inf  
 5.42988e-03 9.13763e-06 1.37747e+07 -inf -inf  
 5.51389e-03 9.56827e-06 1.37746e+07 -inf -inf  
 5.59921e-03 1.00192e-05 1.37744e+07 -inf -inf  
 5.68584e-03 1.04914e-05 1.37743e+07 -inf -inf  
 5.77381e-03 1.09858e-05 1.37741e+07 -inf -inf  
 5.86315e-03 1.15036e-05 1.37740e+07 -inf -inf  
 5.95387e-03 1.20457e-05 1.37738e+07 -inf -inf  
 6.04600e-03 1.26134e-05 1.37736e+07 -inf -inf  
 6.13954e-03 1.32079e-05 1.37734e+07 -inf -inf  
 6.23454e-03 1.38304e-05 1.37732e+07 -inf -inf  
 6.33101e-03 1.44822e-05 1.37730e+07 -inf -inf  
 6.42897e-03 1.51647e-05 1.37728e+07 -inf -inf  
 6.52845e-03 1.58794e-05 1.37726e+07 -inf -inf  
 6.62947e-03 1.66278e-05 1.37724e+07 -inf -inf  
 6.73206e-03 1.74114e-05 1.37722e+07 -inf -inf  
 6.83623e-03 1.82320e-05 1.37720e+07 -inf -inf  
 6.94201e-03 1.90912e-05 1.37718e+07 -inf -inf  
 7.04944e-03 1.99910e-05 1.37715e+07 -inf -inf  
 7.15852e-03 2.09331e-05 1.37713e+07 -inf -inf  
 7.26930e-03 2.19196e-05 1.37710e+07 -inf -inf  
 7.38179e-03 2.29527e-05 1.37708e+07 -inf -inf  
 7.49602e-03 2.40344e-05 1.37705e+07 -inf -inf  
 7.61203e-03 2.51671e-05 1.37702e+07 -inf -inf  
 7.72983e-03 2.63532e-05 1.37699e+07 -inf -inf  
 7.84945e-03 2.75952e-05 1.37696e+07 -inf -inf  
 7.97093e-03 2.88957e-05 1.37693e+07 -inf -inf  
 8.09428e-03 3.02575e-05 1.37690e+07 -inf -inf  
 8.21955e-03 3.16835e-05 1.37687e+07 -inf -inf  
 8.34676e-03 3.31767e-05 1.37683e+07 -inf -inf  
 8.47594e-03 3.47403e-05 1.37680e+07 -inf -inf  
 8.60712e-03 3.63776e-05 1.37676e+07 -inf -inf  
 8.74034e-03 3.80920e-05 1.37673e+07 -inf -inf  
 8.87562e-03 3.98872e-05 1.37669e+07 -inf -inf  
 9.01299e-03 4.17670e-05 1.37665e+07 -inf -inf  
 9.15249e-03 4.37354e-05 1.37661e+07 -inf -inf  
 9.29416e-03 4.57966e-05 1.37657e+07 -inf -inf  
 9.43802e-03 4.79550e-05 1.37652e+07 -inf -inf  
 9.58411e-03 5.02150e-05 1.37648e+07 -inf -inf  
 9.73246e-03 5.25816e-05 1.37644e+07 -inf -inf  
 9.88312e-03 5.50597e-05 1.37639e+07 -inf -inf  
 1.00361e-02 5.76545e-05 1.37634e+07 -inf -inf  
 1.01915e-02 6.03717e-05 1.37629e+07 -inf -inf  
 1.03492e-02 6.32169e-05 1.37624e+07 -inf -inf  
 1.05095e-02 6.61963e-05 1.37619e+07 -inf -inf  
 1.06722e-02 6.93160e-05 1.37613e+07 -inf -inf  
 1.08374e-02 7.25828e-05 1.37607e+07 -inf -inf  
 1.10052e-02 7.60035e-05 1.37602e+07 -inf -inf  
 1.11755e-02 7.95854e-05 1.37596e+07 -inf -inf  
 1.13486e-02 8.33362e-05 1.37589e+07 -inf -inf  
 1.15243e-02 8.72637e-05 1.37583e+07 -inf -inf  
 1.17027e-02 9.13763e-05 1.37576e+07 -inf -inf  
 1.18839e-02 9.56827e-05 1.37570e+07 -inf -inf  
 1.20679e-02 1.00192e-04 1.37563e+07 -inf -inf  
 1.22548e-02 1.04914e-04 1.37555e+07 -inf -inf  
 1.24446e-02 1.09858e-04 1.37548e+07 -inf -inf  
 1.26373e-02 1.15036e-04 1.37540e+07 -inf -inf  
 1.28330e-02 1.20457e-04 1.37532e+07 -inf -inf  
 1.30318e-02 1.26134e-04 1.37524e+07 -inf -inf  
 1.32336e-02 1.32079e-04 1.37516e+07 -inf -inf  
 1.34386e-02 1.38304e-04 1.37507e+07 -inf -inf  
 1.36467e-02 1.44822e-04 1.37498e+07 -inf -inf  
 1.38581e-02 1.51647e-04 1.37489e+07 -inf -inf  
 1.40728e-02 1.58794e-04 1.37479e+07 -inf -inf  
 1.42908e-02 1.66278e-04 1.37470e+07 -inf -inf  
 1.45122e-02 1.74114e-04 1.37460e+07 -inf -inf  
 1.47370e-02 1.82320e-04 1.37449e+07 -inf -inf  
 1.49653e-02 1.90912e-04 1.37438e+07 -inf -inf  
 1.51972e-02 1.99910e-04 1.37427e+07 -inf -inf  
 1.54326e-02 2.09331e-04 1.37416e+07 -inf -inf  
 1.56718e-02 2.19196e-04 1.37404e+07 -inf -inf  
 1.59146e-02 2.29527e-04 1.37392e+07 -inf -inf  
 1.61613e-02 2.40344e-04 1.37379e+07 -inf -inf  
 1.64117e-02 2.51671e-04 1.37366e+07 -inf -inf  
 1.66661e-02 2.63532e-04 1.37353e+07 -inf -inf  
 1.69244e-02 2.75952e-04 1.37339e+07 -inf -inf  
 1.71868e-02 2.88957e-04 1.37325e+07 -inf -inf  
 1.74532e-02 3.02575e-04 1.37310e+07 -inf -inf  
 1.77238e-02 3.16835e-04 1.37295e+07 -inf -inf  
 1.79985e-02 3.31767e-04 1.37280e+07 -inf -inf  
 1.82776e-02 3.47403e-04 1.37264e+07 -inf -inf  
 1.85610e-02 3.63776e-04 1.37247e+07 -inf -inf  
 1.88489e-02 3.80920e-04 1.37230e+07 -inf -inf  
 1.91412e-02 3.98872e-04 1.37212e+07 -inf -inf  
 1.94380e-02 4.17670e-04 1.37194e+07 -inf -inf  
 1.97395e-02 4.37354e-04 1.37176e+07 -inf -inf  
 2.00458e-02 4.57966e-04 1.37156e+07 -inf -inf  
 2.03567e-02 4.79550e-04 1.37136e+07 -inf -inf  
 2.06726e-02 5.02150e-04 1.37116e+07 -inf -inf  
 2.09933e-02 5.25816e-04 1.37095e+07 -inf -inf  
 2.13191e-02 5.50597e-04 1.37073e+07 -inf -inf  
 2.16500e-02 5.76545e-04 1.37050e+07 -inf -inf  
 2.19860e-02 6.03717e-04 1.37027e+07 -inf -inf  
 2.23273e-02 6.32169e-04 1.37003e+07 -inf -inf  
 2.26739e-02 6.61963e-04 1.36978e+07 -inf -inf  
 2.30259e-02 6.93160e-04 1.36953e+07 -inf -inf  
 2.33835e-02 7.25828e-04 1.36927e+07 -inf -inf  
 2.37466e-02 7.60035e-04 1.36900e+07 -inf -inf  
 2.41154e-02 7.95854e-04 1.36872e+07 -inf -inf  
 2.44900e-02 8.33362e-04 1.36843e+07 -inf -inf  
 2.48705e-02 8.72637e-04 1.36813e+07 -inf -inf  
 2.52569e-02 9.13763e-04 1.36783e+07 -inf -inf  
 2.56494e-02 9.56827e-04 1.36751e+07 -inf -inf  
 2.60481e-02 1.00192e-03 1.36718e+07 -inf -inf  
 2.64530e-02 1.04914e-03 1.36685e+07 -inf -inf  
 2.68642e-02 1.09858e-03 1.36650e+07 -inf -inf  
 2.72819e-02 1.15036e-03 1.36614e+07 -inf -inf  
 2.77062e-02 1.20457e-03 1.36578e+07 -inf -inf  
 2.81372e-02 1.26134e-03 1.36540e+07 -inf -inf  
 2.85749e-02 1.32079e-03 1.36500e+07 -inf -inf  
 2.90195e-02 1.38304e-03 1.36460e+07 -inf -inf  
 2.94712e-02 1.44822e-03 1.36418e+07 -inf -inf  
 2.99299e-02 1.51647e-03 1.36376e+07 -inf -inf  
 3.03958e-02 1.58794e-03 1.36331e+07 -inf -inf  
 3.08692e-02 1.66278e-03 1.36286e+07 -inf -inf  
 3.13500e-02 1.74114e-03 1.36238e+07 -inf -inf  
 3.18384e-02 1.82320e-03 1.36190e+07 -inf -inf  
 3.23345e-02 1.90912e-03 1.36140e+07 -inf -inf  
 3.28384e-02 1.99910e-03 1.36088e+07 -inf -inf  
 3.33503e-02 2.09331e-03 1.36035e+07 -inf -inf  
 3.38704e-02 2.19196e-03 1.35980e+07 -inf -inf  
 3.43986e-02 2.29527e-03 1.35923e+07 -inf -inf  
 3.49353e-02 2.40344e-03 1.35865e+07 -inf -inf  
 3.54804e-02 2.51671e-03 1.35804e+07 -inf -inf  
 3.60343e-02 2.63532e-03 1.35742e+07 -inf -inf  
 3.65969e-02 2.75952e-03 1.35678e+07 -inf -inf  
 3.71685e-02 2.88957e-03 1.35612e+07 -inf -inf  
 3.77492e-02 3.02575e-03 1.35544e+07 -inf -inf  
 3.83391e-02 3.16835e-03 1.35473e+07 -inf -inf  
 3.89385e-02 3.31767e-03 1.35401e+07 -inf -inf  
 3.95474e-02 3.47403e-03 1.35326e+07 -inf -inf  
 4.01661e-02 3.63776e-03 1.35249e+07 -inf -inf  
 4.07947e-02 3.80920e-03 1.35169e+07 -inf -inf  
 4.14333e-02 3.98872e-03 1.35087e+07 -inf -inf  
 4.20822e-02 4.17670e-03 1.35002e+07 -inf -inf  
 4.27415e-02 4.37354e-03 1.34915e+07 -inf -inf  
 4.34114e-02 4.57966e-03 1.34825e+07 -inf -inf  
 4.40921e-02 4.79550e-03 1.34732e+07 -inf -inf  
 4.47838e-02 5.02150e-03 1.34636e+07 -inf -inf  
 4.54866e-02 5.25816e-03 1.34537e+07 -inf -inf  
 4.62008e-02 5.50597e-03 1.34435e+07 -inf -inf  
 4.69265e-02 5.76545e-03 1.34330e+07 -inf -inf  
 4.76640e-02 6.03717e-03 1.34222e+07 -inf -inf  
 4.84135e-02 6.32169e-03 1.34110e+07 -inf -inf  
 4.91751e-02 6.61963e-03 1.33994e+07 -inf -inf  
 4.99492e-02 6.93160e-03 1.33876e+07 -inf -inf  
 5.07359e-02 7.25828e-03 1.33753e+07 -inf -inf  
 5.15354e-02 7.60035e-03 1.33626e+07 -inf -inf  
 5.23480e-02 7.95854e-03 1.33496e+07 -inf -inf  
 5.31739e-02 8.33362e-03 1.33361e+07 -inf -inf  
 5.40134e-02 8.72637e-03 1.33222e+07 -inf -inf  
 5.48667e-02 9.13763e-03 1.33078e+07 -inf -inf  
 5.57340e-02 9.56827e-03 1.32931e+07 -inf -inf  
 5.66157e-02 1.00192e-02 1.32778e+07 -inf -inf  
 5.75120e-02 1.04914e-02 1.32621e+07 -inf -inf  
 5.84231e-02 1.09858e-02 1.32458e+07 -inf -inf  
 5.93494e-02 1.15036e-02 1.32291e+07 -inf -inf  
 6.02911e-02 1.20457e-02 1.32118e+07 -inf -inf  
 6.12486e-02 1.26134e-02 1.31940e+07 -inf -inf  
 6.22220e-02 1.32079e-02 1.31756e+07 -inf -inf  
 6.32119e-02 1.38304e-02 1.31567e+07 -inf -inf  
 6.42183e-02 1.44822e-02 1.31371e+07 -inf -inf  
 6.52418e-02 1.51647e-02 1.31169e+07 -inf -inf  
 6.62826e-02 1.58794e-02 1.30961e+07 -inf -inf  
 6.73410e-02 1.66278e-02 1.30746e+07 -inf -inf  
 6.84175e-02 1.74114e-02 1.30524e+07 -inf -inf  
 6.95123e-02 1.82320e-02 1.30296e+07 -inf -inf  
 7.06259e-02 1.90912e-02 1.30060e+07 -inf -inf  
 7.17586e-02 1.99910e-02 1.29816e+07 -inf -inf  
 7.29109e-02 2.09331e-02 1.29565e+07 -inf -inf  
 7.40830e-02 2.19196e-02 1.29306e+07 -inf -inf  
 7.52756e-02 2.29527e-02 1.29038e+07 -inf -inf  
 7.64889e-02 2.40344e-02 1.28762e+07 -inf -inf  
 7.77235e-02 2.51671e-02 1.28477e+07 -inf -inf  
 7.89797e-02 2.63532e-02 1.28183e+07 -inf -inf  
 8.02581e-02 2.75952e-02 1.27880e+07 -inf -inf  
 8.15592e-02 2.88957e-02 1.27567e+07 -inf -inf  
 8.28834e-02 3.02575e-02 1.27244e+07 -inf -inf  
 8.42313e-02 3.16835e-02 1.26911e+07 -inf -inf  
 8.56034e-02 3.31767e-02 1.26566e+07 -inf -inf  
 8.70002e-02 3.47403e-02 1.26211e+07 -inf -inf  
 8.84151e-02 3.63690e-02 1.25847e+07 -inf -inf  
 8.98430e-02 3.80589e-02 1.25474e+07 -inf -inf  
 9.12855e-02 3.98135e-02 1.25092e+07 -inf -inf  
 9.27440e-02 4.16364e-02 1.24700e+07 -inf -inf  
 9.42204e-02 4.35317e-02 1.24299e+07 -inf -inf  
 9.57163e-02 4.55038e-02 1.23887e+07 -inf -inf  
 9.72334e-02 4.75574e-02 1.23464e+07 -inf -inf  
 9.87736e-02 4.96975e-02 1.23029e+07 -inf -inf  
 1.00339e-01 5.19299e-02 1.22582e+07 -inf -inf  
 1.01931e-01 5.42605e-02 1.22120e+07 -inf -inf  
 1.03553e-01 5.66961e-02 1.21645e+07 -inf -inf  
 1.05207e-01 5.92440e-02 1.21154e+07 -inf -inf  
 1.05783e-01 6.01466e-02 1.20982e+07 -inf -inf  
 1.07368e-01 6.26713e-02 1.20505e+07 -inf -inf  
 1.08858e-01 6.50995e-02 1.20054e+07 -inf -inf  
 1.10276e-01 6.74599e-02 1.19624e+07 -inf -inf  
 1.11642e-01 6.97773e-02 1.19208e+07 -inf -inf  
 1.12975e-01 7.20828e-02 1.18800e+07 -inf -inf  
 1.14293e-01 7.44043e-02 1.18395e+07 -inf -inf  
 1.15600e-01 7.67469e-02 1.17991e+07 -inf -inf  
 1.16898e-01 7.91117e-02 1.17589e+07 -inf -68.229  
 1.18193e-01 8.15127e-02 1.17186e+07 -inf -57.943  
 1.19494e-01 8.39639e-02 1.16779e+07 -inf -51.615  
 1.20804e-01 8.64717e-02 1.16368e+07 -inf -47.045  
 1.22124e-01 8.90396e-02 1.15951e+07 -inf -43.358  
 1.23455e-01 9.16709e-02 1.15530e+07 -inf -40.385  
 1.24799e-01 9.43691e-02 1.15102e+07 -inf -37.949  
 1.26158e-01 9.71384e-02 1.14669e+07 -inf -35.870  
 1.27533e-01 9.99836e-02 1.14228e+07 -inf -34.003  
 1.28925e-01 1.02910e-01 1.13780e+07 -inf -32.317  
 1.30339e-01 1.05926e-01 1.13324e+07 -inf -30.793  
 1.31776e-01 1.09038e-01 1.12858e+07 -inf -29.408  
 1.33240e-01 1.12256e-01 1.12382e+07 -inf -28.130  
 1.34736e-01 1.15591e-01 1.11894e+07 -inf -26.914  
 1.36267e-01 1.19058e-01 1.11393e+07 -inf -25.711  
 1.37839e-01 1.22670e-01 1.10877e+07 -inf -24.425  
 1.39459e-01 1.26449e-01 1.10344e+07 -inf -22.919  
 1.41136e-01 1.30417e-01 1.09790e+07 -inf -21.347  
 1.42878e-01 1.34603e-01 1.09214e+07 -inf -19.962  
 1.44698e-01 1.39043e-01 1.08610e+07 -inf -18.783  
 1.46610e-01 1.43783e-01 1.07974e+07 -inf -17.867  
 1.48634e-01 1.48878e-01 1.07301e+07 -inf -17.215  
 1.50792e-01 1.54399e-01 1.06582e+07 -inf -16.736  
 1.53111e-01 1.60433e-01 1.05809e+07 -inf -16.326  
 1.55617e-01 1.67066e-01 1.04973e+07 -inf -15.878  
 1.58084e-01 1.73707e-01 1.04152e+07 -inf -15.507  
 1.60514e-01 1.80352e-01 1.03344e+07 -inf -15.244  
 1.62909e-01 1.86999e-01 1.02550e+07 -inf -14.998  
 1.65269e-01 1.93645e-01 1.01770e+07 -inf -14.689  
 1.67598e-01 2.00286e-01 1.01002e+07 -inf -14.448  
 1.69896e-01 2.06922e-01 1.00248e+07 -inf -14.316  
 1.72165e-01 2.13548e-01 9.95060e+06 -inf -14.180  
 1.74407e-01 2.20164e-01 9.87766e+06 -inf -13.953  
 1.76622e-01 2.26767e-01 9.80592e+06 -inf -13.791  
 1.78811e-01 2.33355e-01 9.73535e+06 -inf -13.762  
 1.80976e-01 2.39926e-01 9.66592e+06 -inf -13.794  
 1.83118e-01 2.46480e-01 9.59761e+06 -inf -13.897  
 1.85238e-01 2.53013e-01 9.53038e+06 -inf -13.974  
 1.87336e-01 2.59525e-01 9.46420e+06 -inf -13.992  
 1.89414e-01 2.66015e-01 9.39905e+06 -inf -13.990  
 1.91472e-01 2.72480e-01 9.33489e+06 -inf -13.942  
 1.93511e-01 2.78921e-01 9.27170e+06 -inf -13.800  
 1.95532e-01 2.85335e-01 9.20945e+06 -inf -13.625  
 1.97536e-01 2.91721e-01 9.14812e+06 -inf -13.449  
 1.99523e-01 2.98079e-01 9.08769e+06 -inf -13.237  
 2.01493e-01 3.04408e-01 9.02812e+06 -inf -12.969  
 2.03448e-01 3.10707e-01 8.96940e+06 -inf -12.734  
 2.05388e-01 3.16974e-01 8.91150e+06 -inf -12.572  
 2.07314e-01 3.23210e-01 8.85441e+06 -inf -12.484  
 2.09226e-01 3.29413e-01 8.79810e+06 -inf -12.462  
 2.11124e-01 3.35583e-01 8.74255e+06 -inf -12.492  
 2.13009e-01 3.41719e-01 8.68775e+06 -inf -12.618  
 2.14882e-01 3.47820e-01 8.63367e+06 -inf -12.844  
 2.16743e-01 3.53887e-01 8.58030e+06 -inf -12.974  
 2.18592e-01 3.59918e-01 8.52763e+06 -inf -12.936  
 2.20430e-01 3.65913e-01 8.47563e+06 -inf -12.807  
 2.22257e-01 3.71872e-01 8.42428e+06 -inf -12.694  
 2.24074e-01 3.77794e-01 8.37359e+06 -inf -12.648  
 2.25881e-01 3.83678e-01 8.32352e+06 -inf -12.648  
 2.27677e-01 3.89526e-01 8.27406e+06 -inf -12.713  
 2.29464e-01 3.95335e-01 8.22521e+06 -inf -12.910  
 2.31243e-01 4.01107e-01 8.17694e+06 -inf -13.127  
 2.33012e-01 4.06840e-01 8.12925e+06 -inf -13.158  
 2.34773e-01 4.12534e-01 8.08211e+06 -inf -13.066  
 2.36525e-01 4.18190e-01 8.03553e+06 -inf -12.999  
 2.38270e-01 4.23807e-01 7.98948e+06 -inf -12.968  
 2.40007e-01 4.29385e-01 7.94395e+06 -inf -12.917  
 2.41736e-01 4.34923e-01 7.89894e+06 -inf -12.864  
 2.43458e-01 4.40422e-01 7.85443e+06 -inf -12.864  
 2.45173e-01 4.45882e-01 7.81040e+06 -inf -12.894  
 2.46882e-01 4.51302e-01 7.76686e+06 -inf -12.900  
 2.48584e-01 4.56682e-01 7.72378e+06 -inf -12.870  
 2.50279e-01 4.62023e-01 7.68116e+06 -inf -12.769  
 2.51969e-01 4.67324e-01 7.63899e+06 -inf -12.562  
 2.53652e-01 4.72586e-01 7.59726e+06 -inf -12.405  
 2.55330e-01 4.77807e-01 7.55597e+06 -inf -12.383  
 2.57002e-01 4.82989e-01 7.51509e+06 -inf -12.452  
 2.58669e-01 4.88131e-01 7.47463e+06 -inf -12.637  
 2.60331e-01 4.93234e-01 7.43457e+06 -inf -12.802  
 2.61988e-01 4.98296e-01 7.39491e+06 -inf -12.924  
 2.63640e-01 5.03320e-01 7.35564e+06 -inf -13.061  
 2.65287e-01 5.08303e-01 7.31675e+06 -inf -13.148  
 2.66930e-01 5.13247e-01 7.27824e+06 -inf -13.137  
 2.68568e-01 5.18152e-01 7.24009e+06 -inf -13.115  
 2.70202e-01 5.23017e-01 7.20231e+06 -inf -13.188  
 2.71832e-01 5.27844e-01 7.16488e+06 -inf -13.457  
 2.73459e-01 5.32631e-01 7.12779e+06 -inf -13.810  
 2.75081e-01 5.37379e-01 7.09105e+06 -inf -13.951  
 2.76700e-01 5.42088e-01 7.05464e+06 -inf -14.008  
 2.78315e-01 5.46758e-01 7.01856e+06 -inf -14.135  
 2.79927e-01 5.51390e-01 6.98281e+06 -inf -14.387  
 2.81535e-01 5.55983e-01 6.94737e+06 -inf -14.839  
 2.83141e-01 5.60538e-01 6.91224e+06 -inf -15.608  
 2.84743e-01 5.65055e-01 6.87742e+06 -inf -16.609  
 2.86342e-01 5.69533e-01 6.84291e+06 -inf -17.823  
 2.87939e-01 5.73974e-01 6.80868e+06 -inf -19.335  
 2.89533e-01 5.78377e-01 6.77475e+06 -inf -21.318  
 2.91124e-01 5.82742e-01 6.74111e+06 -inf -23.542  
 2.92712e-01 5.87070e-01 6.70775e+06 -inf -22.872  
 2.94299e-01 5.91361e-01 6.67466e+06 -inf -21.318  
 2.95882e-01 5.95615e-01 6.64185e+06 -inf -19.840  
 2.97464e-01 5.99832e-01 6.60930e+06 -inf -18.434  
 2.99044e-01 6.04012e-01 6.57702e+06 -inf -17.106  
 3.00621e-01 6.08156e-01 6.54500e+06 -inf -15.875  
 3.02197e-01 6.12264e-01 6.51323e+06 -inf -14.757  
 3.03771e-01 6.16335e-01 6.48172e+06 -inf -13.786  
 3.05343e-01 6.20371e-01 6.45045e+06 -inf -13.072  
 3.06913e-01 6.24371e-01 6.41942e+06 -inf -12.654  
 3.08481e-01 6.28335e-01 6.38864e+06 -inf -12.486  
 3.10049e-01 6.32265e-01 6.35809e+06 -inf -12.477  
 3.11614e-01 6.36159e-01 6.32777e+06 -inf -12.620  
 3.13178e-01 6.40018e-01 6.29768e+06 -inf -13.039  
 3.14741e-01 6.43843e-01 6.26782e+06 -inf -13.822  
 3.16303e-01 6.47633e-01 6.23818e+06 -inf -14.910  
 3.17864e-01 6.51389e-01 6.20876e+06 -inf -16.258  
 3.19423e-01 6.55111e-01 6.17955e+06 -inf -17.806  
 3.20981e-01 6.58799e-01 6.15056e+06 -inf -19.631  
 3.22539e-01 6.62454e-01 6.12177e+06 -inf -21.808  
 3.24095e-01 6.66076e-01 6.09319e+06 -inf -23.762  
 3.25651e-01 6.69664e-01 6.06481e+06 -inf -22.759  
 3.27206e-01 6.73219e-01 6.03663e+06 -inf -21.345  
 3.28760e-01 6.76742e-01 6.00865e+06 -inf -20.021  
 3.30314e-01 6.80232e-01 5.98086e+06 -inf -18.779  
 3.31867e-01 6.83690e-01 5.95326e+06 -inf -17.621  
 3.33419e-01 6.87116e-01 5.92586e+06 -inf -16.562  
 3.34971e-01 6.90511e-01 5.89864e+06 -inf -15.628  
 3.36523e-01 6.93873e-01 5.87160e+06 -inf -14.849  
 3.38074e-01 6.97205e-01 5.84474e+06 -inf -14.271  
 3.39625e-01 7.00505e-01 5.81806e+06 -inf -13.917  
 3.41176e-01 7.03774e-01 5.79156e+06 -inf -13.706  
 3.42726e-01 7.07013e-01 5.76523e+06 -inf -13.589  
 3.44276e-01 7.10221e-01 5.73907e+06 -inf -13.532  
 3.45826e-01 7.13399e-01 5.71308e+06 -inf -13.482  
 3.47376e-01 7.16547e-01 5.68725e+06 -inf -13.360  
 3.48926e-01 7.19665e-01 5.66159e+06 -inf -13.190  
 3.50477e-01 7.22754e-01 5.63609e+06 -inf -13.076  
 3.52027e-01 7.25813e-01 5.61075e+06 -inf -13.024  
 3.53577e-01 7.28843e-01 5.58557e+06 -inf -12.976  
 3.55127e-01 7.31845e-01 5.56054e+06 -inf -12.873  
 3.56678e-01 7.34818e-01 5.53567e+06 -inf -12.713  
 3.58229e-01 7.37762e-01 5.51095e+06 -inf -12.568  
 3.59780e-01 7.40678e-01 5.48638e+06 -inf -12.499  
 3.61331e-01 7.43566e-01 5.46195e+06 -inf -12.501  
 3.62883e-01 7.46426e-01 5.43767e+06 -inf -12.521  
 3.64435e-01 7.49259e-01 5.41353e+06 -inf -12.497  
 3.65988e-01 7.52064e-01 5.38954e+06 -inf -12.392  
 3.67541e-01 7.54843e-01 5.36568e+06 -inf -12.352  
 3.69095e-01 7.57594e-01 5.34196e+06 -inf -12.409  
 3.70649e-01 7.60319e-01 5.31838e+06 -inf -12.681  
 3.72204e-01 7.63017e-01 5.29493e+06 -inf -12.798  
 3.73759e-01 7.65689e-01 5.27161e+06 -inf -12.767  
 3.75315e-01 7.68334e-01 5.24842e+06 -inf -12.909  
 3.76872e-01 7.70954e-01 5.22537e+06 -inf -13.553  
 3.78429e-01 7.73549e-01 5.20244e+06 -inf -14.660  
 3.79987e-01 7.76118e-01 5.17964e+06 -inf -16.083  
 3.81546e-01 7.78661e-01 5.15696e+06 -inf -17.834  
 3.83105e-01 7.81180e-01 5.13440e+06 -inf -15.707  
 3.84666e-01 7.83674e-01 5.11197e+06 -inf -14.042  
 3.86227e-01 7.86143e-01 5.08965e+06 -inf -13.219  
 3.87790e-01 7.88588e-01 5.06745e+06 -inf -13.211  
 3.89353e-01 7.91009e-01 5.04537e+06 -inf -14.073  
 3.90917e-01 7.93406e-01 5.02341e+06 -inf -14.137  
 3.92482e-01 7.95779e-01 5.00156e+06 -inf -12.740  
 3.94048e-01 7.98128e-01 4.97982e+06 -inf -12.140  
 3.95615e-01 8.00454e-01 4.95819e+06 -inf -12.361  
 3.97183e-01 8.02757e-01 4.93667e+06 -inf -12.276  
 3.98753e-01 8.05037e-01 4.91526e+06 -inf -13.452  
 4.00323e-01 8.07294e-01 4.89396e+06 -inf -inf  
 4.01894e-01 8.09528e-01 4.87276e+06 -inf -11.018  
 4.03467e-01 8.11740e-01 4.85167e+06 -inf -9.792  
 4.05041e-01 8.13930e-01 4.83068e+06 -inf -8.680  
 4.06615e-01 8.16098e-01 4.80979e+06 -inf -7.673  
 4.08191e-01 8.18244e-01 4.78901e+06 -inf -6.762  
 4.09769e-01 8.20369e-01 4.76833e+06 -inf -5.939  
 4.11347e-01 8.22471e-01 4.74774e+06 -inf -5.196  
 4.12927e-01 8.24553e-01 4.72726e+06 -inf -4.526  
 4.14508e-01 8.26614e-01 4.70687e+06 -inf -3.922  
 4.16090e-01 8.28653e-01 4.68658e+06 -inf -3.378  
 4.17674e-01 8.30672e-01 4.66638e+06 -inf -2.888  
 4.19259e-01 8.32671e-01 4.64628e+06 -inf -2.448  
 4.20845e-01 8.34649e-01 4.62627e+06 -inf -2.051  
 4.22433e-01 8.36607e-01 4.60636e+06 -inf -1.695  
 4.24022e-01 8.38545e-01 4.58653e+06 -inf -1.374  
 4.25613e-01 8.40463e-01 4.56680e+06 -inf -1.086  
 4.27205e-01 8.42362e-01 4.54715e+06 -inf -0.827  
 4.28798e-01 8.44241e-01 4.52760e+06 -inf -0.595  
 4.30393e-01 8.46101e-01 4.50813e+06 -inf -0.386  
 4.31989e-01 8.47941e-01 4.48875e+06 -inf -0.198  
 4.33587e-01 8.49763e-01 4.46945e+06 -inf -0.029  
 4.35186e-01 8.51566e-01 4.45024e+06 -inf  0.122  
 4.36787e-01 8.53350e-01 4.43112e+06 -inf  0.258  
 4.38389e-01 8.55116e-01 4.41208e+06 -inf  0.381  
 4.39992e-01 8.56864e-01 4.39311e+06 -inf  0.490  
 4.41598e-01 8.58593e-01 4.37424e+06 -inf  0.589  
 4.43204e-01 8.60305e-01 4.35544e+06 -inf  0.677  
 4.44813e-01 8.61999e-01 4.33672e+06 -inf  0.756  
 4.46422e-01 8.63675e-01 4.31808e+06 -inf  0.827  
 4.48034e-01 8.65333e-01 4.29951e+06 -inf  0.891  
 4.49647e-01 8.66975e-01 4.28103e+06 -inf  0.948  
 4.51261e-01 8.68599e-01 4.26262e+06 -inf  1.000  
 4.52878e-01 8.70206e-01 4.24428e+06 -inf  1.046  
 4.54495e-01 8.71797e-01 4.22602e+06 -inf  1.087  
 4.56115e-01 8.73371e-01 4.20784e+06 -inf  1.124  
 4.57736e-01 8.74928e-01 4.18972e+06 -inf  1.157  
 4.59358e-01 8.76469e-01 4.17168e+06 -inf  1.187  
 4.60982e-01 8.77993e-01 4.15371e+06 -inf  1.214  
 4.62608e-01 8.79502e-01 4.13580e+06 -inf  1.238  
 4.64236e-01 8.80994e-01 4.11797e+06 -inf  1.259  
 4.65865e-01 8.82471e-01 4.10020e+06 -inf  1.278  
 4.67495e-01 8.83932e-01 4.08251e+06 -inf  1.295  
 4.69127e-01 8.85378e-01 4.06487e+06 -inf  1.311  
 4.70761e-01 8.86808e-01 4.04730e+06 -inf  1.324  
 4.72397e-01 8.88223e-01 4.02980e+06 -inf  1.337  
 4.74034e-01 8.89623e-01 4.01236e+06 -inf  1.348  
 4.75673e-01 8.91008e-01 3.99498e+06 -inf  1.358  
 4.77314e-01 8.92379e-01 3.97766e+06 -inf  1.366  
 4.78956e-01 8.93734e-01 3.96040e+06 -inf  1.374  
 4.80600e-01 8.95075e-01 3.94321e+06 -inf  1.381  
 4.82245e-01 8.96402e-01 3.92607e+06 -inf  1.388  
 4.83893e-01 8.97715e-01 3.90898e+06 -11.798  1.393  
 4.85541e-01 8.99013e-01 3.89196e+06 -10.500  1.398  
 4.87192e-01 9.00298e-01 3.87499e+06 -9.311  1.403  
 4.88844e-01 9.01569e-01 3.85807e+06 -8.225  1.407  
 4.90497e-01 9.02826e-01 3.84121e+06 -7.233  1.411  
 4.92153e-01 9.04069e-01 3.82440e+06 -6.327  1.414  
 4.93810e-01 9.05299e-01 3.80764e+06 -5.502  1.417  
 4.95468e-01 9.06515e-01 3.79093e+06 -4.750  1.419  
 4.97128e-01 9.07719e-01 3.77428e+06 -4.066  1.422  
 4.98790e-01 9.08909e-01 3.75767e+06 -3.443  1.424  
 5.00453e-01 9.10087e-01 3.74111e+06 -2.877  1.425  
 5.02118e-01 9.11251e-01 3.72460e+06 -2.362  1.427  
 5.03785e-01 9.12403e-01 3.70813e+06 -1.895  1.428  
 5.05453e-01 9.13542e-01 3.69171e+06 -1.470  1.430  
 5.07122e-01 9.14669e-01 3.67534e+06 -1.084  1.431  
 5.08793e-01 9.15783e-01 3.65900e+06 -0.735  1.432  
 5.10466e-01 9.16886e-01 3.64272e+06 -0.417  1.433  
 5.12140e-01 9.17976e-01 3.62647e+06 -0.129  1.434  
 5.13816e-01 9.19054e-01 3.61026e+06  0.132  1.434  
 5.15493e-01 9.20120e-01 3.59410e+06  0.369  1.435  
 5.17171e-01 9.21174e-01 3.57797e+06  0.583  1.436  
 5.18851e-01 9.22217e-01 3.56188e+06  0.777  1.436  
 5.20532e-01 9.23248e-01 3.54583e+06  0.954  1.437  
 5.22215e-01 9.24268e-01 3.52981e+06  1.113  1.437  
 5.23899e-01 9.25277e-01 3.51383e+06  1.258  1.437  
 5.25585e-01 9.26274e-01 3.49788e+06  1.388  1.438  
 5.27272e-01 9.27260e-01 3.48196e+06  1.507  1.438  
 5.28960e-01 9.28235e-01 3.46608e+06  1.614  1.438  
 5.30649e-01 9.29199e-01 3.45022e+06  1.711  1.438  
 5.32340e-01 9.30153e-01 3.43440e+06  1.798  1.439  
 5.34032e-01 9.31095e-01 3.41860e+06  1.877  1.439  
 5.35725e-01 9.32028e-01 3.40283e+06  1.949  1.439  
 5.37420e-01 9.32949e-01 3.38708e+06  2.013  1.439  
 5.39115e-01 9.33861e-01 3.37136e+06  2.072  1.439  
 5.40812e-01 9.34761e-01 3.35566e+06  2.124  1.439  
 5.42509e-01 9.35652e-01 3.33998e+06  2.172  1.439  
 5.44208e-01 9.36533e-01 3.32432e+06  2.215  1.439  
 5.45908e-01 9.37404e-01 3.30868e+06  2.253  1.439  
 5.47609e-01 9.38264e-01 3.29306e+06  2.288  1.440  
 5.49311e-01 9.39115e-01 3.27746e+06  2.320  1.440  
 5.51013e-01 9.39957e-01 3.26187e+06  2.348  1.440  
 5.52717e-01 9.40788e-01 3.24629e+06  2.374  1.440  
 5.54421e-01 9.41610e-01 3.23072e+06  2.397  1.440  
 5.56126e-01 9.42423e-01 3.21517e+06  2.417  1.440  
 5.57832e-01 9.43226e-01 3.19962e+06  2.436  1.440  
 5.59539e-01 9.44021e-01 3.18408e+06  2.453  1.440  
 5.61246e-01 9.44806e-01 3.16854e+06  2.468  1.440  
 5.62954e-01 9.45581e-01 3.15301e+06  2.481  1.440  
 5.64663e-01 9.46348e-01 3.13747e+06  2.493  1.440  
 5.66372e-01 9.47106e-01 3.12194e+06  2.504  1.440  
 5.68081e-01 9.47856e-01 3.10640e+06  2.514  1.440  
 5.69791e-01 9.48596e-01 3.09086e+06  2.523  1.440  
 5.71501e-01 9.49328e-01 3.07532e+06  2.530  1.440  
 5.73212e-01 9.50051e-01 3.05976e+06  2.538  1.440  
 5.74922e-01 9.50766e-01 3.04419e+06  2.544  1.440  
 5.76633e-01 9.51472e-01 3.02861e+06  2.549  1.440  
 5.78344e-01 9.52170e-01 3.01302e+06  2.554  1.440  
 5.80055e-01 9.52860e-01 2.99740e+06  2.559  1.440  
 5.81766e-01 9.53542e-01 2.98176e+06  2.563  1.440  
 5.83476e-01 9.54215e-01 2.96610e+06  2.567  1.440  
 5.85187e-01 9.54881e-01 2.95042e+06  2.570  1.440  
 5.86897e-01 9.55539e-01 2.93470e+06  2.573  1.440  
 5.88607e-01 9.56189e-01 2.91895e+06  2.575  1.440  
 5.90316e-01 9.56831e-01 2.90316e+06  2.578  1.440  
 5.92025e-01 9.57465e-01 2.88733e+06  2.580  1.440  
 5.93733e-01 9.58092e-01 2.87146e+06  2.581  1.440  
 5.95440e-01 9.58711e-01 2.85553e+06  2.583  1.440  
 5.97147e-01 9.59323e-01 2.83956e+06  2.584  1.440  
 5.98853e-01 9.59927e-01 2.82352e+06  2.586  1.440  
 6.00557e-01 9.60524e-01 2.80743e+06  2.587  1.440  
 6.02260e-01 9.61114e-01 2.79126e+06  2.588  1.440  
 6.03962e-01 9.61697e-01 2.77503e+06  2.589  1.440  
 6.05663e-01 9.62272e-01 2.75872e+06  2.589  1.440  
 6.07362e-01 9.62841e-01 2.74232e+06  2.590  1.440  
 6.09059e-01 9.63402e-01 2.72582e+06  2.591  1.440  
 6.10754e-01 9.63957e-01 2.70924e+06  2.591  1.440  
 6.12448e-01 9.64504e-01 2.69254e+06  2.592  1.440  
 6.14139e-01 9.65045e-01 2.67573e+06  2.592  1.440  
 6.15828e-01 9.65579e-01 2.65880e+06  2.593  1.440  
 6.17515e-01 9.66107e-01 2.64174e+06  2.593  1.440  
 6.19198e-01 9.66628e-01 2.62453e+06  2.593  1.440  
 6.20879e-01 9.67142e-01 2.60718e+06  2.593  1.440  
 6.22557e-01 9.67650e-01 2.58965e+06  2.594  1.440  
 6.24232e-01 9.68151e-01 2.57195e+06  2.594  1.440  
 6.25903e-01 9.68646e-01 2.55406e+06  2.594  1.440  
 6.27570e-01 9.69135e-01 2.53596e+06  2.594  1.440  
 6.29233e-01 9.69618e-01 2.51764e+06  2.594  1.440  
 6.30892e-01 9.70094e-01 2.49907e+06  2.594  1.440  
 6.32547e-01 9.70564e-01 2.48024e+06  2.594  1.440  
 6.34197e-01 9.71029e-01 2.46113e+06  2.594  1.440  
 6.35841e-01 9.71487e-01 2.44171e+06  2.595  1.440  
 6.37480e-01 9.71939e-01 2.42195e+06  2.595  1.440  
 6.39113e-01 9.72385e-01 2.40182e+06  2.595  1.440  
 6.40740e-01 9.72826e-01 2.38129e+06  2.595  1.440  
 6.42360e-01 9.73260e-01 2.36031e+06  2.595  1.440  
 6.43973e-01 9.73689e-01 2.33906e+06  2.595  1.440  
 6.44687e-01 9.73878e-01 2.32963e+06  2.595  1.440  
 6.46289e-01 9.74299e-01 2.30852e+06  2.595  1.440  
 6.47884e-01 9.74713e-01 2.28760e+06  2.595  1.440  
 6.49471e-01 9.75123e-01 2.26688e+06  2.595  1.440  
 6.51051e-01 9.75527e-01 2.24634e+06  2.595  1.440  
 6.52624e-01 9.75925e-01 2.22598e+06  2.595  1.440  
 6.54189e-01 9.76318e-01 2.20581e+06  2.595  1.440  
 6.55747e-01 9.76706e-01 2.18583e+06  2.595  1.440  
 6.57297e-01 9.77088e-01 2.16602e+06  2.595  1.440  
 6.58840e-01 9.77465e-01 2.14640e+06  2.595  1.440  
 6.60375e-01 9.77837e-01 2.12695e+06  2.595  1.440  
 6.61903e-01 9.78203e-01 2.10768e+06  2.595  1.440  
 6.63423e-01 9.78565e-01 2.08858e+06  2.595  1.440  
 6.64936e-01 9.78921e-01 2.06966e+06  2.595  1.440  
 6.66442e-01 9.79272e-01 2.05090e+06  2.595  1.440  
 6.67939e-01 9.79619e-01 2.03232e+06  2.595  1.440  
 6.69430e-01 9.79960e-01 2.01391e+06  2.595  1.440  
 6.70913e-01 9.80297e-01 1.99566e+06  2.595  1.440  
 6.72388e-01 9.80628e-01 1.97758e+06  2.595  1.440  
 6.73856e-01 9.80955e-01 1.95966e+06  2.595  1.440  
 6.75316e-01 9.81277e-01 1.94191e+06  2.595  1.440  
 6.76768e-01 9.81595e-01 1.92432e+06  2.595  1.440  
 6.78213e-01 9.81907e-01 1.90688e+06  2.595  1.440  
 6.79651e-01 9.82215e-01 1.88960e+06  2.595  1.440  
 6.81081e-01 9.82519e-01 1.87248e+06  2.595  1.440  
 6.82504e-01 9.82818e-01 1.85552e+06  2.595  1.440  
 6.83919e-01 9.83113e-01 1.83871e+06  2.595  1.440  
 6.85326e-01 9.83403e-01 1.82205e+06  2.595  1.440  
 6.86726e-01 9.83689e-01 1.80554e+06  2.595  1.440  
 6.88119e-01 9.83971e-01 1.78919e+06  2.595  1.440  
 6.89504e-01 9.84249e-01 1.77298e+06  2.595  1.440  
 6.90881e-01 9.84522e-01 1.75692e+06  2.595  1.440  
 6.92251e-01 9.84791e-01 1.74100e+06  2.595  1.440  
 6.93613e-01 9.85056e-01 1.72523e+06  2.595  1.440  
 6.94968e-01 9.85317e-01 1.70960e+06  2.595  1.440  
 6.96316e-01 9.85574e-01 1.69411e+06  2.595  1.440  
 6.97656e-01 9.85827e-01 1.67876e+06  2.595  1.440  
 6.98989e-01 9.86076e-01 1.66356e+06  2.595  1.440  
 7.00314e-01 9.86321e-01 1.64849e+06  2.595  1.440  
 7.01631e-01 9.86563e-01 1.63355e+06  2.595  1.440  
 7.02941e-01 9.86800e-01 1.61876e+06  2.595  1.440  
 7.04244e-01 9.87034e-01 1.60409e+06  2.595  1.440  
 7.05539e-01 9.87264e-01 1.58956e+06  2.595  1.440  
 7.06827e-01 9.87491e-01 1.57516e+06  2.595  1.440  
 7.08108e-01 9.87714e-01 1.56090e+06  2.595  1.440  
 7.09381e-01 9.87934e-01 1.54676e+06  2.595  1.440  
 7.10647e-01 9.88150e-01 1.53275e+06  2.595  1.440  
 7.11905e-01 9.88362e-01 1.51887e+06  2.595  1.440  
 7.13156e-01 9.88571e-01 1.50511e+06  2.595  1.440  
 7.14400e-01 9.88777e-01 1.49148e+06  2.595  1.440  
 7.15637e-01 9.88980e-01 1.47797e+06  2.595  1.440  
 7.16866e-01 9.89179e-01 1.46458e+06  2.595  1.440  
 7.18087e-01 9.89375e-01 1.45132e+06  2.595  1.440  
 7.19302e-01 9.89568e-01 1.43817e+06  2.595  1.440  
 7.20509e-01 9.89757e-01 1.42515e+06  2.595  1.440  
 7.21709e-01 9.89944e-01 1.41224e+06  2.595  1.440  
 7.22902e-01 9.90128e-01 1.39945e+06  2.595  1.440  
 7.24088e-01 9.90308e-01 1.38678e+06  2.595  1.440  
 7.25266e-01 9.90486e-01 1.37422e+06  2.595  1.440  
 7.26437e-01 9.90660e-01 1.36177e+06  2.595  1.440  
 7.27601e-01 9.90832e-01 1.34944e+06  2.595  1.440  
 7.28758e-01 9.91001e-01 1.33722e+06  2.595  1.440  
 7.29908e-01 9.91167e-01 1.32511e+06  2.595  1.440  
 7.31051e-01 9.91330e-01 1.31311e+06  2.595  1.440  
 7.32186e-01 9.91490e-01 1.30122e+06  2.595  1.440  
 7.33315e-01 9.91648e-01 1.28943e+06  2.595  1.440  
 7.34436e-01 9.91803e-01 1.27776e+06  2.595  1.440  
 7.35550e-01 9.91956e-01 1.26618e+06  2.595  1.440  
 7.36658e-01 9.92106e-01 1.25472e+06  2.595  1.440  
 7.37758e-01 9.92253e-01 1.24336e+06  2.595  1.440  
 7.38852e-01 9.92398e-01 1.23210e+06  2.595  1.440  
 7.39938e-01 9.92540e-01 1.22094e+06  2.595  1.440  
 7.41018e-01 9.92680e-01 1.20988e+06  2.595  1.440  
 7.42091e-01 9.92818e-01 1.19893e+06  2.595  1.440  
 7.43156e-01 9.92953e-01 1.18807e+06  2.595  1.440  
 7.44215e-01 9.93086e-01 1.17731e+06  2.595  1.440  
 7.45267e-01 9.93216e-01 1.16665e+06  2.595  1.440  
 7.46313e-01 9.93345e-01 1.15608e+06  2.595  1.440  
 7.47351e-01 9.93471e-01 1.14562e+06  2.595  1.440  
 7.48383e-01 9.93595e-01 1.13524e+06  2.595  1.440  
 7.49408e-01 9.93716e-01 1.12496e+06  2.595  1.440  
 7.50426e-01 9.93836e-01 1.11477e+06  2.595  1.440  
 7.51438e-01 9.93953e-01 1.10468e+06  2.595  1.440  
 7.52443e-01 9.94069e-01 1.09468e+06  2.595  1.440  
 7.53441e-01 9.94182e-01 1.08476e+06  2.595  1.440  
 7.54432e-01 9.94293e-01 1.07494e+06  2.595  1.440  
 7.55417e-01 9.94403e-01 1.06521e+06  2.595  1.440  
 7.56396e-01 9.94510e-01 1.05556e+06  2.595  1.440  
 7.57368e-01 9.94616e-01 1.04600e+06  2.595  1.440  
 7.58333e-01 9.94720e-01 1.03653e+06  2.595  1.440  
 7.59292e-01 9.94821e-01 1.02715e+06  2.595  1.440  
 7.60244e-01 9.94921e-01 1.01785e+06  2.595  1.440  
 7.61190e-01 9.95020e-01 1.00863e+06  2.595  1.440  
 7.62130e-01 9.95116e-01 9.99498e+05  2.595  1.440  
 7.63063e-01 9.95211e-01 9.90449e+05  2.595  1.440  
 7.63990e-01 9.95304e-01 9.81482e+05  2.595  1.440  
 7.64910e-01 9.95395e-01 9.72596e+05  2.595  1.440  
 7.65824e-01 9.95485e-01 9.63791e+05  2.595  1.440  
 7.66732e-01 9.95573e-01 9.55065e+05  2.595  1.440  
 7.67634e-01 9.95659e-01 9.46419e+05  2.595  1.440  
 7.68529e-01 9.95744e-01 9.37852e+05  2.595  1.440  
 7.69418e-01 9.95827e-01 9.29362e+05  2.595  1.440  
 7.70301e-01 9.95909e-01 9.20949e+05  2.595  1.440  
 7.71178e-01 9.95989e-01 9.12612e+05  2.595  1.440  
 7.72049e-01 9.96068e-01 9.04352e+05  2.595  1.440  
 7.72913e-01 9.96145e-01 8.96166e+05  2.595  1.440  
 7.73772e-01 9.96221e-01 8.88055e+05  2.595  1.440  
 7.74624e-01 9.96296e-01 8.80018e+05  2.595  1.440  
 7.75470e-01 9.96369e-01 8.72053e+05  2.595  1.440  
 7.76311e-01 9.96441e-01 8.64161e+05  2.595  1.440  
 7.77145e-01 9.96511e-01 8.56341e+05  2.595  1.440  
 7.77974e-01 9.96580e-01 8.48592e+05  2.595  1.440  
 7.78797e-01 9.96648e-01 8.40914e+05  2.595  1.440  
 7.79613e-01 9.96715e-01 8.33306e+05  2.595  1.440  
 7.80424e-01 9.96780e-01 8.25767e+05  2.595  1.440  
 7.81230e-01 9.96844e-01 8.18296e+05  2.595  1.440  
 7.82029e-01 9.96907e-01 8.10894e+05  2.595  1.440  
 7.82822e-01 9.96969e-01 8.03558e+05  2.595  1.440  
 7.83610e-01 9.97029e-01 7.96290e+05  2.595  1.440  
 7.84393e-01 9.97089e-01 7.89088e+05  2.595  1.440  
 7.85169e-01 9.97147e-01 7.81952e+05  2.595  1.440  
 7.85940e-01 9.97204e-01 7.74880e+05  2.595  1.440  
 7.86705e-01 9.97260e-01 7.67873e+05  2.595  1.440  
 7.87465e-01 9.97315e-01 7.60930e+05  2.595  1.440  
 7.88219e-01 9.97369e-01 7.54050e+05  2.595  1.440  
 7.88968e-01 9.97422e-01 7.47233e+05  2.595  1.440  
 7.89711e-01 9.97474e-01 7.40478e+05  2.595  1.440  
 7.90448e-01 9.97525e-01 7.33785e+05  2.595  1.440  
 7.91181e-01 9.97575e-01 7.27152e+05  2.595  1.440  
 7.91907e-01 9.97624e-01 7.20580e+05  2.595  1.440  
 7.92629e-01 9.97672e-01 7.14068e+05  2.595  1.440  
 7.93345e-01 9.97719e-01 7.07616e+05  2.595  1.440  
 7.94056e-01 9.97766e-01 7.01222e+05  2.595  1.440  
 7.94761e-01 9.97811e-01 6.94886e+05  2.595  1.440  
 7.95461e-01 9.97855e-01 6.88609e+05  2.595  1.440  
 7.96156e-01 9.97899e-01 6.82388e+05  2.595  1.440  
 7.96846e-01 9.97942e-01 6.76225e+05  2.595  1.440  
 7.97531e-01 9.97984e-01 6.70117e+05  2.595  1.440  
 7.98210e-01 9.98025e-01 6.64066e+05  2.595  1.440  
 7.98885e-01 9.98065e-01 6.58069e+05  2.595  1.440  
 7.99554e-01 9.98105e-01 6.52127e+05  2.595  1.440  
 8.00218e-01 9.98144e-01 6.46239e+05  2.595  1.440  
 8.00877e-01 9.98182e-01 6.40405e+05  2.595  1.440  
 8.01531e-01 9.98219e-01 6.34624e+05  2.595  1.440  
 8.02181e-01 9.98255e-01 6.28896e+05  2.595  1.440  
 8.02825e-01 9.98291e-01 6.23220e+05  2.595  1.440  
 8.03465e-01 9.98326e-01 6.17596e+05  2.595  1.440  
 8.04099e-01 9.98361e-01 6.12023e+05  2.595  1.440  
 8.04729e-01 9.98394e-01 6.06502e+05  2.595  1.440  
 8.05354e-01 9.98428e-01 6.01030e+05  2.595  1.440  
 8.05974e-01 9.98460e-01 5.95609e+05  2.595  1.440  
 8.06589e-01 9.98492e-01 5.90237e+05  2.595  1.440  
 8.07200e-01 9.98523e-01 5.84914e+05  2.595  1.440  
 8.07805e-01 9.98553e-01 5.79639e+05  2.595  1.440  
 8.08407e-01 9.98583e-01 5.74413e+05  2.595  1.440  
 8.09003e-01 9.98613e-01 5.69235e+05  2.595  1.440  
 8.09595e-01 9.98641e-01 5.64103e+05  2.595  1.440  
 8.10183e-01 9.98670e-01 5.59019e+05  2.595  1.440  
 8.10765e-01 9.98697e-01 5.53981e+05  2.595  1.440  
 8.11344e-01 9.98724e-01 5.48989e+05  2.595  1.440  
 8.11917e-01 9.98751e-01 5.44043e+05  2.595  1.440  
 8.12487e-01 9.98777e-01 5.39142e+05  2.595  1.440  
 8.13052e-01 9.98802e-01 5.34286e+05  2.595  1.440  
 8.13612e-01 9.98827e-01 5.29474e+05  2.595  1.440  
 8.14168e-01 9.98852e-01 5.24706e+05  2.595  1.440  
 8.14720e-01 9.98876e-01 5.19982e+05  2.595  1.440  
 8.15267e-01 9.98899e-01 5.15301e+05  2.595  1.440  
 8.15810e-01 9.98922e-01 5.10662e+05  2.595  1.440  
 8.16349e-01 9.98945e-01 5.06066e+05  2.595  1.440  
 8.16883e-01 9.98967e-01 5.01513e+05  2.595  1.440  
 8.17414e-01 9.98989e-01 4.97001e+05  2.595  1.440  
 8.17940e-01 9.99010e-01 4.92530e+05  2.595  1.440  
 8.18462e-01 9.99030e-01 4.88100e+05  2.595  1.440  
 8.18979e-01 9.99051e-01 4.83711e+05  2.595  1.440  
 8.19493e-01 9.99071e-01 4.79362e+05  2.595  1.440  
 8.20003e-01 9.99090e-01 4.75053e+05  2.595  1.440  
 8.20508e-01 9.99109e-01 4.70783e+05  2.595  1.440  
 8.21010e-01 9.99128e-01 4.66552e+05  2.595  1.440  
 8.21507e-01 9.99147e-01 4.62360e+05  2.595  1.440  
 8.22001e-01 9.99165e-01 4.58207e+05  2.595  1.440  
 8.22490e-01 9.99182e-01 4.54092e+05  2.595  1.440  
 8.22976e-01 9.99199e-01 4.50014e+05  2.595  1.440  
 8.23458e-01 9.99216e-01 4.45974e+05  2.595  1.440  
 8.23936e-01 9.99233e-01 4.41971e+05  2.595  1.440  
 8.24410e-01 9.99249e-01 4.38004e+05  2.595  1.440  
 8.24880e-01 9.99265e-01 4.34074e+05  2.595  1.440  
 8.25347e-01 9.99281e-01 4.30180e+05  2.595  1.440  
 8.25809e-01 9.99296e-01 4.26322e+05  2.595  1.440  
 8.26268e-01 9.99311e-01 4.22499e+05  2.595  1.440  
 8.26723e-01 9.99325e-01 4.18711e+05  2.595  1.440  
 8.27175e-01 9.99340e-01 4.14958e+05  2.595  1.440  
 8.27623e-01 9.99354e-01 4.11240e+05  2.595  1.440  
 8.28067e-01 9.99368e-01 4.07556e+05  2.595  1.440  
 8.28508e-01 9.99381e-01 4.03905e+05  2.595  1.440  
 8.28945e-01 9.99394e-01 4.00288e+05  2.595  1.440  
 8.29379e-01 9.99407e-01 3.96705e+05  2.595  1.440  
 8.29809e-01 9.99420e-01 3.93154e+05  2.595  1.440  
 8.30235e-01 9.99432e-01 3.89637e+05  2.595  1.440  
 8.30658e-01 9.99444e-01 3.86151e+05  2.595  1.440  
 8.31078e-01 9.99456e-01 3.82698e+05  2.595  1.440  
 8.31494e-01 9.99468e-01 3.79276e+05  2.595  1.440  
 8.31907e-01 9.99479e-01 3.75886e+05  2.595  1.440  
 8.32316e-01 9.99490e-01 3.72527e+05  2.595  1.440  
 8.32722e-01 9.99501e-01 3.69199e+05  2.595  1.440  
 8.33125e-01 9.99512e-01 3.65901e+05  2.595  1.440  
 8.33524e-01 9.99522e-01 3.62634e+05  2.595  1.440  
 8.33920e-01 9.99533e-01 3.59397e+05  2.595  1.440  
 8.34313e-01 9.99543e-01 3.56190e+05  2.595  1.440  
 8.34703e-01 9.99552e-01 3.53012e+05  2.595  1.440  
 8.35089e-01 9.99562e-01 3.49864e+05  2.595  1.440  
 8.35472e-01 9.99571e-01 3.46745e+05  2.595  1.440  
 8.35852e-01 9.99581e-01 3.43655e+05  2.595  1.440  
 8.36229e-01 9.99590e-01 3.40593e+05  2.595  1.440  
 8.36603e-01 9.99598e-01 3.37560e+05  2.595  1.440  
 8.36973e-01 9.99607e-01 3.34555e+05  2.595  1.440  
 8.37341e-01 9.99616e-01 3.31578e+05  2.595  1.440  
 8.37706e-01 9.99624e-01 3.28628e+05  2.595  1.440  
 8.38067e-01 9.99632e-01 3.25705e+05  2.595  1.440  
 8.38426e-01 9.99640e-01 3.22810e+05  2.595  1.440  
 8.38781e-01 9.99648e-01 3.19941e+05  2.595  1.440  
 8.39134e-01 9.99655e-01 3.17098e+05  2.595  1.440  
 8.39483e-01 9.99663e-01 3.14283e+05  2.595  1.440  
 8.39830e-01 9.99670e-01 3.11493e+05  2.595  1.440  
 8.40174e-01 9.99677e-01 3.08729e+05  2.595  1.440  
 8.40515e-01 9.99684e-01 3.05990e+05  2.595  1.440  
 8.40853e-01 9.99691e-01 3.03277e+05  2.595  1.440  
 8.41188e-01 9.99698e-01 3.00589e+05  2.595  1.440  
 8.41521e-01 9.99704e-01 2.97926e+05  2.595  1.440  
 8.41851e-01 9.99711e-01 2.95288e+05  2.595  1.440  
 8.42178e-01 9.99717e-01 2.92674e+05  2.595  1.440  
 8.42502e-01 9.99723e-01 2.90084e+05  2.595  1.440  
 8.42823e-01 9.99729e-01 2.87517e+05  2.595  1.440  
 8.43142e-01 9.99735e-01 2.84975e+05  2.595  1.440  
 8.43458e-01 9.99741e-01 2.82456e+05  2.595  1.440  
 8.43772e-01 9.99746e-01 2.79960e+05  2.595  1.440  
 8.44083e-01 9.99752e-01 2.77487e+05  2.595  1.440  
 8.44391e-01 9.99757e-01 2.75037e+05  2.595  1.440  
 8.44697e-01 9.99762e-01 2.72610e+05  2.595  1.440  
 8.45000e-01 9.99768e-01 2.70206e+05  2.595  1.440  
 8.45300e-01 9.99773e-01 2.67824e+05  2.595  1.440  
 8.45598e-01 9.99778e-01 2.65465e+05  2.595  1.440  
 8.45894e-01 9.99782e-01 2.63129e+05  2.595  1.440  
 8.46186e-01 9.99787e-01 2.60814e+05  2.595  1.440  
 8.46477e-01 9.99792e-01 2.58521e+05  2.595  1.440  
 8.46765e-01 9.99796e-01 2.56250e+05  2.595  1.440  
 8.47051e-01 9.99801e-01 2.54001e+05  2.595  1.440  
 8.47334e-01 9.99805e-01 2.51773e+05  2.595  1.440  
 8.47615e-01 9.99809e-01 2.49566e+05  2.595  1.440  
 8.47893e-01 9.99814e-01 2.47379e+05  2.595  1.440  
 8.48169e-01 9.99818e-01 2.45214e+05  2.595  1.440  
 8.48443e-01 9.99822e-01 2.43068e+05  2.595  1.440  
 8.48715e-01 9.99826e-01 2.40943e+05  2.595  1.440  
 8.48984e-01 9.99829e-01 2.38838e+05  2.595  1.440  
 8.49251e-01 9.99833e-01 2.36753e+05  2.595  1.440  
 8.49515e-01 9.99837e-01 2.34687e+05  2.595  1.440  
 8.49777e-01 9.99840e-01 2.32642e+05  2.595  1.440  
 8.50038e-01 9.99844e-01 2.30615e+05  2.595  1.440  
 8.50295e-01 9.99847e-01 2.28608e+05  2.595  1.440  
 8.50551e-01 9.99851e-01 2.26620e+05  2.595  1.440  
 8.50805e-01 9.99854e-01 2.24650e+05  2.595  1.440  
 8.51056e-01 9.99857e-01 2.22700e+05  2.595  1.440  
 8.51306e-01 9.99860e-01 2.20768e+05  2.595  1.440  
 8.51553e-01 9.99863e-01 2.18854e+05  2.595  1.440  
 8.51798e-01 9.99866e-01 2.16959e+05  2.595  1.440  
 8.52041e-01 9.99869e-01 2.15082e+05  2.595  1.440  
 8.52282e-01 9.99872e-01 2.13223e+05  2.595  1.440  
 8.52521e-01 9.99875e-01 2.11381e+05  2.595  1.440  
 8.52758e-01 9.99878e-01 2.09558e+05  2.595  1.440  
 8.52993e-01 9.99880e-01 2.07752e+05  2.595  1.440  
 8.53225e-01 9.99883e-01 2.05963e+05  2.595  1.440  
 8.53456e-01 9.99886e-01 2.04191e+05  2.595  1.440  
 8.53685e-01 9.99888e-01 2.02436e+05  2.595  1.440  
 8.53912e-01 9.99891e-01 2.00699e+05  2.595  1.440  
 8.54137e-01 9.99893e-01 1.98978e+05  2.595  1.440  
 8.54360e-01 9.99895e-01 1.97274e+05  2.595  1.440  
 8.54582e-01 9.99898e-01 1.95586e+05  2.595  1.440  
 8.54801e-01 9.99900e-01 1.93914e+05  2.595  1.440  
 8.55019e-01 9.99902e-01 1.92259e+05  2.595  1.440  
 8.55234e-01 9.99904e-01 1.90620e+05  2.595  1.440  
 8.55448e-01 9.99906e-01 1.88997e+05  2.595  1.440  
 8.55660e-01 9.99908e-01 1.87390e+05  2.595  1.440  
 8.55870e-01 9.99910e-01 1.85798e+05  2.595  1.440  
 8.56079e-01 9.99912e-01 1.84222e+05  2.595  1.440  
 8.56286e-01 9.99914e-01 1.82662e+05  2.595  1.440  
 8.56491e-01 9.99916e-01 1.81116e+05  2.595  1.440  
 8.56694e-01 9.99918e-01 1.79586e+05  2.595  1.440  
 8.56895e-01 9.99920e-01 1.78071e+05  2.595  1.440  
 8.57095e-01 9.99922e-01 1.76570e+05  2.595  1.440  
 8.57293e-01 9.99923e-01 1.75085e+05  2.595  1.440  
 8.57490e-01 9.99925e-01 1.73614e+05  2.595  1.440  
 8.57684e-01 9.99927e-01 1.72157e+05  2.595  1.440  
 8.57878e-01 9.99928e-01 1.70715e+05  2.595  1.440  
 8.58069e-01 9.99930e-01 1.69287e+05  2.595  1.440  
 8.58259e-01 9.99931e-01 1.67873e+05  2.595  1.440  
 8.58447e-01 9.99933e-01 1.66473e+05  2.595  1.440  
 8.58634e-01 9.99934e-01 1.65087e+05  2.595  1.440  
 8.58819e-01 9.99936e-01 1.63714e+05  2.595  1.440  
 8.59003e-01 9.99937e-01 1.62355e+05  2.595  1.440  
 8.59185e-01 9.99939e-01 1.61010e+05  2.595  1.440  
 8.59365e-01 9.99940e-01 1.59678e+05  2.595  1.440  
 8.59544e-01 9.99941e-01 1.58359e+05  2.595  1.440  
 8.59722e-01 9.99943e-01 1.57053e+05  2.595  1.440  
 8.59898e-01 9.99944e-01 1.55760e+05  2.595  1.440  
 8.60072e-01 9.99945e-01 1.54480e+05  2.595  1.440  
 8.60245e-01 9.99946e-01 1.53212e+05  2.595  1.440  
 8.60417e-01 9.99948e-01 1.51957e+05  2.595  1.440  
 8.60587e-01 9.99949e-01 1.50714e+05  2.595  1.440  
 8.60756e-01 9.99950e-01 1.49484e+05  2.595  1.440  
 8.60923e-01 9.99951e-01 1.48265e+05  2.595  1.440  
 8.61089e-01 9.99952e-01 1.47059e+05  2.595  1.440  
 8.61254e-01 9.99953e-01 1.45864e+05  2.595  1.440  
 8.61417e-01 9.99954e-01 1.44682e+05  2.595  1.440  
 8.61579e-01 9.99955e-01 1.43510e+05  2.595  1.440  
 8.61739e-01 9.99956e-01 1.42351e+05  2.595  1.440  
 8.61899e-01 9.99957e-01 1.41202e+05  2.595  1.440  
 8.62057e-01 9.99958e-01 1.40065e+05  2.595  1.440  
 8.62213e-01 9.99959e-01 1.38939e+05  2.595  1.440  
 8.62368e-01 9.99960e-01 1.37824e+05  2.595  1.440  
 8.62522e-01 9.99961e-01 1.36719e+05  2.595  1.440  
 8.62675e-01 9.99962e-01 1.35626e+05  2.595  1.440  
 8.62826e-01 9.99963e-01 1.34542e+05  2.595  1.440  
 8.62977e-01 9.99963e-01 1.33470e+05  2.595  1.440  
 8.63126e-01 9.99964e-01 1.32407e+05  2.595  1.440  
 8.63273e-01 9.99965e-01 1.31355e+05  2.595  1.440  
 8.63420e-01 9.99966e-01 1.30312e+05  2.595  1.440  
 8.63565e-01 9.99967e-01 1.29280e+05  2.595  1.440  
 8.63709e-01 9.99967e-01 1.28257e+05  2.595  1.440  
 8.63852e-01 9.99968e-01 1.27243e+05  2.595  1.440  
 8.63994e-01 9.99969e-01 1.26239e+05  2.595  1.440  
 8.64135e-01 9.99969e-01 1.25245e+05  2.595  1.440  
 8.64274e-01 9.99970e-01 1.24259e+05  2.595  1.440  
 8.64412e-01 9.99971e-01 1.23283e+05  2.595  1.440  
 8.64549e-01 9.99971e-01 1.22315e+05  2.595  1.440  
 8.64686e-01 9.99972e-01 1.21357e+05  2.595  1.440  
 8.64820e-01 9.99973e-01 1.20407e+05  2.595  1.440  
 8.64954e-01 9.99973e-01 1.19465e+05  2.595  1.440  
 8.65087e-01 9.99974e-01 1.18532e+05  2.595  1.440  
 8.65219e-01 9.99975e-01 1.17607e+05  2.595  1.440  
 8.65349e-01 9.99975e-01 1.16690e+05  2.595  1.440  
 8.65479e-01 9.99976e-01 1.15781e+05  2.595  1.440  
 8.65607e-01 9.99976e-01 1.14881e+05  2.595  1.440  
 8.65735e-01 9.99977e-01 1.13987e+05  2.595  1.440  
 8.65861e-01 9.99977e-01 1.13102e+05  2.595  1.440  
 8.65987e-01 9.99978e-01 1.12224e+05  2.595  1.440  
 8.66111e-01 9.99978e-01 1.11353e+05  2.595  1.440  
 8.66234e-01 9.99979e-01 1.10490e+05  2.595  1.440  
 8.66357e-01 9.99979e-01 1.09634e+05  2.595  1.440  
 8.66478e-01 9.99980e-01 1.08784e+05  2.595  1.440  
 8.66599e-01 9.99980e-01 1.07942e+05  2.595  1.440  
 8.66718e-01 9.99981e-01 1.07107e+05  2.595  1.440  
 8.66836e-01 9.99981e-01 1.06278e+05  2.595  1.440  
 8.66954e-01 9.99981e-01 1.05456e+05  2.595  1.440  
 8.67070e-01 9.99982e-01 1.04640e+05  2.595  1.440  
 8.67186e-01 9.99982e-01 1.03831e+05  2.595  1.440  
 8.67301e-01 9.99983e-01 1.03028e+05  2.595  1.440  
 8.67414e-01 9.99983e-01 1.02231e+05  2.595  1.440  
 8.67527e-01 9.99983e-01 1.01440e+05  2.595  1.440  
 8.67639e-01 9.99984e-01 1.00656e+05  2.595  1.440  
 8.67750e-01 9.99984e-01 9.98767e+04  2.595  1.440  
 8.67860e-01 9.99985e-01 9.91037e+04  2.595  1.440  
 8.67969e-01 9.99985e-01 9.83366e+04  2.595  1.440  
 8.68077e-01 9.99985e-01 9.75751e+04  2.595  1.440  
 8.68185e-01 9.99986e-01 9.68191e+04  2.595  1.440  
 8.68291e-01 9.99986e-01 9.60688e+04  2.595  1.440  
 8.68397e-01 9.99986e-01 9.53239e+04  2.595  1.440  
 8.68502e-01 9.99986e-01 9.45844e+04  2.595  1.440  
 8.68606e-01 9.99987e-01 9.38503e+04  2.595  1.440  
 8.68709e-01 9.99987e-01 9.31215e+04  2.595  1.440  
 8.68811e-01 9.99987e-01 9.23979e+04  2.595  1.440  
 8.68912e-01 9.99988e-01 9.16796e+04  2.595  1.440  
 8.69013e-01 9.99988e-01 9.09664e+04  2.595  1.440  
 8.69112e-01 9.99988e-01 9.02583e+04  2.595  1.440  
 8.69211e-01 9.99988e-01 8.95552e+04  2.595  1.440  
 8.69309e-01 9.99989e-01 8.88572e+04  2.595  1.440  
 8.69407e-01 9.99989e-01 8.81641e+04  2.595  1.440  
 8.69503e-01 9.99989e-01 8.74760e+04  2.595  1.440  
 8.69599e-01 9.99989e-01 8.67928e+04  2.595  1.440  
 8.69694e-01 9.99990e-01 8.61146e+04  2.595  1.440  
 8.69788e-01 9.99990e-01 8.54412e+04  2.595  1.440  
 8.69881e-01 9.99990e-01 8.47726e+04  2.595  1.440  
 8.69974e-01 9.99990e-01 8.41090e+04  2.595  1.440  
 8.70066e-01 9.99991e-01 8.34501e+04  2.595  1.440  
 8.70157e-01 9.99991e-01 8.27961e+04  2.595  1.440  
 8.70247e-01 9.99991e-01 8.21470e+04  2.595  1.440  
 8.70336e-01 9.99991e-01 8.15027e+04  2.595  1.440  
 8.70425e-01 9.99991e-01 8.08632e+04  2.595  1.440  
 8.70513e-01 9.99992e-01 8.02285e+04  2.595  1.440  
 8.70601e-01 9.99992e-01 7.95986e+04  2.595  1.440  
 8.70687e-01 9.99992e-01 7.89736e+04  2.595  1.440  
 8.70773e-01 9.99992e-01 7.83535e+04  2.595  1.440  
 8.70858e-01 9.99992e-01 7.77381e+04  2.595  1.440  
 8.70943e-01 9.99993e-01 7.71276e+04  2.595  1.440  
 8.71027e-01 9.99993e-01 7.65219e+04  2.595  1.440  
 8.71109e-01 9.99993e-01 7.59210e+04  2.595  1.440  
 8.71192e-01 9.99993e-01 7.53250e+04  2.595  1.440  
 8.71274e-01 9.99993e-01 7.47339e+04  2.595  1.440  
 8.71354e-01 9.99993e-01 7.41476e+04  2.595  1.440  
 8.71435e-01 9.99993e-01 7.35661e+04  2.595  1.440  
 8.71514e-01 9.99994e-01 7.29896e+04  2.595  1.440  
 8.71593e-01 9.99994e-01 7.24179e+04  2.595  1.440  
 8.71672e-01 9.99994e-01 7.18511e+04  2.595  1.440  
 8.71749e-01 9.99994e-01 7.12892e+04  2.595  1.440  
 8.71826e-01 9.99994e-01 7.07322e+04  2.595  1.440  
 8.71902e-01 9.99994e-01 7.01802e+04  2.595  1.440  
 8.71978e-01 9.99994e-01 6.96330e+04  2.595  1.440  
 8.72053e-01 9.99995e-01 6.90908e+04  2.595  1.440  
 8.72128e-01 9.99995e-01 6.85534e+04  2.595  1.440  
 8.72201e-01 9.99995e-01 6.80210e+04  2.595  1.440  
 8.72275e-01 9.99995e-01 6.74935e+04  2.595  1.440  
 8.72347e-01 9.99995e-01 6.69709e+04  2.595  1.440  
 8.72419e-01 9.99995e-01 6.64532e+04  2.595  1.440  
 8.72490e-01 9.99995e-01 6.59405e+04  2.595  1.440  
 8.72561e-01 9.99995e-01 6.54326e+04  2.595  1.440  
 8.72631e-01 9.99995e-01 6.49296e+04  2.595  1.440  
 8.72701e-01 9.99996e-01 6.44314e+04  2.595  1.440  
 8.72770e-01 9.99996e-01 6.39382e+04  2.595  1.440  
 8.72838e-01 9.99996e-01 6.34498e+04  2.595  1.440  
 8.72906e-01 9.99996e-01 6.29663e+04  2.595  1.440  
 8.72973e-01 9.99996e-01 6.24876e+04  2.595  1.440  
 8.73040e-01 9.99996e-01 6.20138e+04  2.595  1.440  
 8.73106e-01 9.99996e-01 6.15448e+04  2.595  1.440  
 8.73172e-01 9.99996e-01 6.10805e+04  2.595  1.440  
 8.73237e-01 9.99996e-01 6.06211e+04  2.595  1.440  
 8.73302e-01 9.99996e-01 6.01663e+04  2.595  1.440  
 8.73366e-01 9.99996e-01 5.97163e+04  2.595  1.440  
 8.73429e-01 9.99997e-01 5.92711e+04  2.595  1.440  
 8.73492e-01 9.99997e-01 5.88305e+04  2.595  1.440  
 8.73555e-01 9.99997e-01 5.83945e+04  2.595  1.440  
 8.73617e-01 9.99997e-01 5.79632e+04  2.595  1.440  
 8.73678e-01 9.99997e-01 5.75365e+04  2.595  1.440  
 8.73739e-01 9.99997e-01 5.71143e+04  2.595  1.440  
 8.73799e-01 9.99997e-01 5.66967e+04  2.595  1.440  
 8.73859e-01 9.99997e-01 5.62837e+04  2.595  1.440  
 8.73919e-01 9.99997e-01 5.58751e+04  2.595  1.440  
 8.73978e-01 9.99997e-01 5.54710e+04  2.595  1.440  
 8.74036e-01 9.99997e-01 5.50713e+04  2.595  1.440  
 8.74094e-01 9.99997e-01 5.46760e+04  2.595  1.440  
 8.74152e-01 9.99997e-01 5.42851e+04  2.595  1.440  
 8.74209e-01 9.99997e-01 5.38985e+04  2.595  1.440  
 8.74266e-01 9.99997e-01 5.35162e+04  2.595  1.440  
 8.74322e-01 9.99998e-01 5.31381e+04  2.595  1.440  
 8.74378e-01 9.99998e-01 5.27643e+04  2.595  1.440  
 8.74433e-01 9.99998e-01 5.23946e+04  2.595  1.440  
 8.74475e-01 9.99998e-01 5.21158e+04  2.595  1.440  
