   R/R_sun      m/M_sun       T         Li    Be 
 9.75173e-04 1.00192e-07 1.56618e+07 -11  -11   
 9.90258e-04 1.04914e-07 1.56618e+07 -11  -11   
 1.00558e-03 1.09858e-07 1.56618e+07 -11  -11   
 1.02113e-03 1.15036e-07 1.56618e+07 -11  -11   
 1.03693e-03 1.20457e-07 1.56618e+07 -11  -11   
 1.05297e-03 1.26134e-07 1.56617e+07 -11  -11   
 1.06926e-03 1.32079e-07 1.56617e+07 -11  -11   
 1.08580e-03 1.38304e-07 1.56617e+07 -11  -11   
 1.10259e-03 1.44822e-07 1.56617e+07 -11  -11   
 1.11965e-03 1.51647e-07 1.56617e+07 -11  -11   
 1.13697e-03 1.58794e-07 1.56617e+07 -11  -11   
 1.15456e-03 1.66278e-07 1.56617e+07 -11  -11   
 1.17242e-03 1.74114e-07 1.56617e+07 -11  -11   
 1.19056e-03 1.82320e-07 1.56616e+07 -11  -11   
 1.20897e-03 1.90912e-07 1.56616e+07 -11  -11   
 1.22767e-03 1.99910e-07 1.56616e+07 -11  -11   
 1.24667e-03 2.09331e-07 1.56616e+07 -11  -11   
 1.26595e-03 2.19196e-07 1.56616e+07 -11  -11   
 1.28554e-03 2.29527e-07 1.56616e+07 -11  -11   
 1.30542e-03 2.40344e-07 1.56615e+07 -11  -11   
 1.32562e-03 2.51671e-07 1.56615e+07 -11  -11   
 1.34612e-03 2.63532e-07 1.56615e+07 -11  -11   
 1.36695e-03 2.75952e-07 1.56615e+07 -11  -11   
 1.38809e-03 2.88957e-07 1.56615e+07 -11  -11   
 1.40957e-03 3.02575e-07 1.56614e+07 -11  -11   
 1.43137e-03 3.16835e-07 1.56614e+07 -11  -11   
 1.45352e-03 3.31767e-07 1.56614e+07 -11  -11   
 1.47600e-03 3.47403e-07 1.56614e+07 -11  -11   
 1.49884e-03 3.63776e-07 1.56614e+07 -11  -11   
 1.52202e-03 3.80920e-07 1.56613e+07 -11  -11   
 1.54557e-03 3.98872e-07 1.56613e+07 -11  -11   
 1.56948e-03 4.17670e-07 1.56613e+07 -11  -11   
 1.59376e-03 4.37354e-07 1.56613e+07 -11  -11   
 1.61841e-03 4.57966e-07 1.56612e+07 -11  -11   
 1.64345e-03 4.79550e-07 1.56612e+07 -11  -11   
 1.66888e-03 5.02150e-07 1.56612e+07 -11  -11   
 1.69469e-03 5.25816e-07 1.56611e+07 -11  -11   
 1.72091e-03 5.50597e-07 1.56611e+07 -11  -11   
 1.74753e-03 5.76545e-07 1.56611e+07 -11  -11   
 1.77457e-03 6.03717e-07 1.56610e+07 -11  -11   
 1.80202e-03 6.32169e-07 1.56610e+07 -11  -11   
 1.82990e-03 6.61963e-07 1.56610e+07 -11  -11   
 1.85821e-03 6.93160e-07 1.56609e+07 -11  -11   
 1.88696e-03 7.25828e-07 1.56609e+07 -11  -11   
 1.91615e-03 7.60035e-07 1.56609e+07 -11  -11   
 1.94579e-03 7.95854e-07 1.56608e+07 -11  -11   
 1.97590e-03 8.33362e-07 1.56608e+07 -11  -11   
 2.00647e-03 8.72637e-07 1.56607e+07 -11  -11   
 2.03751e-03 9.13763e-07 1.56607e+07 -11  -11   
 2.06903e-03 9.56827e-07 1.56607e+07 -11  -11   
 2.10104e-03 1.00192e-06 1.56606e+07 -11  -11   
 2.13355e-03 1.04914e-06 1.56606e+07 -11  -11   
 2.16656e-03 1.09858e-06 1.56605e+07 -11  -11   
 2.20008e-03 1.15036e-06 1.56605e+07 -11  -11   
 2.23411e-03 1.20457e-06 1.56604e+07 -11  -11   
 2.26868e-03 1.26134e-06 1.56604e+07 -11  -11   
 2.30378e-03 1.32079e-06 1.56603e+07 -11  -11   
 2.33942e-03 1.38304e-06 1.56602e+07 -11  -11   
 2.37562e-03 1.44822e-06 1.56602e+07 -11  -11   
 2.41237e-03 1.51647e-06 1.56601e+07 -11  -11   
 2.44969e-03 1.58794e-06 1.56601e+07 -11  -11   
 2.48759e-03 1.66278e-06 1.56600e+07 -11  -11   
 2.52608e-03 1.74114e-06 1.56599e+07 -11  -11   
 2.56517e-03 1.82320e-06 1.56599e+07 -11  -11   
 2.60486e-03 1.90912e-06 1.56598e+07 -11  -11   
 2.64516e-03 1.99910e-06 1.56597e+07 -11  -11   
 2.68609e-03 2.09331e-06 1.56596e+07 -11  -11   
 2.72765e-03 2.19196e-06 1.56596e+07 -11  -11   
 2.76985e-03 2.29527e-06 1.56595e+07 -11  -11   
 2.81271e-03 2.40344e-06 1.56594e+07 -11  -11   
 2.85623e-03 2.51671e-06 1.56593e+07 -11  -11   
 2.90042e-03 2.63532e-06 1.56592e+07 -11  -11   
 2.94530e-03 2.75952e-06 1.56591e+07 -11  -11   
 2.99088e-03 2.88957e-06 1.56590e+07 -11  -11   
 3.03715e-03 3.02575e-06 1.56589e+07 -11  -11   
 3.08415e-03 3.16835e-06 1.56588e+07 -11  -11   
 3.13187e-03 3.31767e-06 1.56587e+07 -11  -11   
 3.18033e-03 3.47403e-06 1.56586e+07 -11  -11   
 3.22955e-03 3.63776e-06 1.56585e+07 -11  -11   
 3.27952e-03 3.80920e-06 1.56584e+07 -11  -11   
 3.33027e-03 3.98872e-06 1.56583e+07 -11  -11   
 3.38180e-03 4.17670e-06 1.56582e+07 -11  -11   
 3.43414e-03 4.37354e-06 1.56581e+07 -11  -11   
 3.48728e-03 4.57966e-06 1.56579e+07 -11  -11   
 3.54124e-03 4.79550e-06 1.56578e+07 -11  -11   
 3.59604e-03 5.02150e-06 1.56577e+07 -11  -11   
 3.65169e-03 5.25816e-06 1.56575e+07 -11  -11   
 3.70821e-03 5.50597e-06 1.56574e+07 -11  -11   
 3.76559e-03 5.76545e-06 1.56572e+07 -11  -11   
 3.82387e-03 6.03717e-06 1.56571e+07 -11  -11   
 3.88305e-03 6.32169e-06 1.56569e+07 -11  -11   
 3.94314e-03 6.61963e-06 1.56568e+07 -11  -11   
 4.00417e-03 6.93160e-06 1.56566e+07 -11  -11   
 4.06614e-03 7.25828e-06 1.56564e+07 -11  -11   
 4.12907e-03 7.60035e-06 1.56563e+07 -11  -11   
 4.19298e-03 7.95854e-06 1.56561e+07 -11  -11   
 4.25788e-03 8.33362e-06 1.56559e+07 -11  -11   
 4.32378e-03 8.72637e-06 1.56557e+07 -11  -11   
 4.39070e-03 9.13763e-06 1.56555e+07 -11  -11   
 4.45867e-03 9.56827e-06 1.56553e+07 -11  -11   
 4.52768e-03 1.00192e-05 1.56551e+07 -11  -11   
 4.59777e-03 1.04914e-05 1.56548e+07 -11  -11   
 4.66894e-03 1.09858e-05 1.56546e+07 -11  -11   
 4.74121e-03 1.15036e-05 1.56544e+07 -11  -11   
 4.81460e-03 1.20457e-05 1.56541e+07 -11  -11   
 4.88914e-03 1.26134e-05 1.56539e+07 -11  -11   
 4.96482e-03 1.32079e-05 1.56536e+07 -11  -11   
 5.04168e-03 1.38304e-05 1.56534e+07 -11  -11   
 5.11974e-03 1.44822e-05 1.56531e+07 -11  -11   
 5.19900e-03 1.51647e-05 1.56528e+07 -11  -11   
 5.27949e-03 1.58794e-05 1.56525e+07 -11  -11   
 5.36123e-03 1.66278e-05 1.56522e+07 -11  -11   
 5.44424e-03 1.74114e-05 1.56519e+07 -11  -11   
 5.52854e-03 1.82320e-05 1.56516e+07 -11  -11   
 5.61414e-03 1.90912e-05 1.56513e+07 -11  -11   
 5.70107e-03 1.99910e-05 1.56509e+07 -11  -11   
 5.78935e-03 2.09331e-05 1.56506e+07 -11  -11   
 5.87900e-03 2.19196e-05 1.56502e+07 -11  -11   
 5.97004e-03 2.29527e-05 1.56498e+07 -11  -11   
 6.06250e-03 2.40344e-05 1.56495e+07 -11  -11   
 6.15639e-03 2.51671e-05 1.56491e+07 -11  -11   
 6.25174e-03 2.63532e-05 1.56487e+07 -11  -11   
 6.34856e-03 2.75952e-05 1.56482e+07 -11  -11   
 6.44690e-03 2.88957e-05 1.56478e+07 -11  -11   
 6.54675e-03 3.02575e-05 1.56474e+07 -11  -11   
 6.64816e-03 3.16835e-05 1.56469e+07 -11  -11   
 6.75115e-03 3.31767e-05 1.56464e+07 -11  -11   
 6.85573e-03 3.47403e-05 1.56459e+07 -11  -11   
 6.96194e-03 3.63776e-05 1.56454e+07 -11  -11   
 7.06980e-03 3.80920e-05 1.56449e+07 -11  -11   
 7.17934e-03 3.98872e-05 1.56444e+07 -11  -11   
 7.29057e-03 4.17670e-05 1.56438e+07 -11  -11   
 7.40354e-03 4.37354e-05 1.56433e+07 -11  -11   
 7.51827e-03 4.57966e-05 1.56427e+07 -11  -11   
 7.63477e-03 4.79550e-05 1.56421e+07 -11  -11   
 7.75309e-03 5.02150e-05 1.56414e+07 -11  -11   
 7.87325e-03 5.25816e-05 1.56408e+07 -11  -11   
 7.99529e-03 5.50597e-05 1.56401e+07 -11  -11   
 8.11922e-03 5.76545e-05 1.56394e+07 -11  -11   
 8.24507e-03 6.03717e-05 1.56387e+07 -11  -11   
 8.37289e-03 6.32169e-05 1.56380e+07 -11  -11   
 8.50270e-03 6.61963e-05 1.56373e+07 -11  -11   
 8.63453e-03 6.93160e-05 1.56365e+07 -11  -11   
 8.76841e-03 7.25828e-05 1.56357e+07 -11  -11   
 8.90438e-03 7.60035e-05 1.56349e+07 -11  -11   
 9.04246e-03 7.95854e-05 1.56340e+07 -11  -11   
 9.18270e-03 8.33362e-05 1.56331e+07 -11  -11   
 9.32513e-03 8.72637e-05 1.56322e+07 -11  -11   
 9.46978e-03 9.13763e-05 1.56313e+07 -11  -11   
 9.61668e-03 9.56827e-05 1.56303e+07 -11  -11   
 9.76588e-03 1.00192e-04 1.56293e+07 -11  -11   
 9.91740e-03 1.04914e-04 1.56283e+07 -11  -11   
 1.00713e-02 1.09858e-04 1.56273e+07 -11  -11   
 1.02276e-02 1.15036e-04 1.56262e+07 -11  -11   
 1.03863e-02 1.20457e-04 1.56251e+07 -11  -11   
 1.05475e-02 1.26134e-04 1.56239e+07 -11  -11   
 1.07113e-02 1.32079e-04 1.56227e+07 -11  -11   
 1.08775e-02 1.38304e-04 1.56215e+07 -11  -11   
 1.10464e-02 1.44822e-04 1.56202e+07 -11  -11   
 1.12180e-02 1.51647e-04 1.56189e+07 -11  -11   
 1.13922e-02 1.58794e-04 1.56176e+07 -11  -11   
 1.15692e-02 1.66278e-04 1.56162e+07 -11  -11   
 1.17489e-02 1.74114e-04 1.56147e+07 -11  -11   
 1.19314e-02 1.82320e-04 1.56133e+07 -11  -11   
 1.21168e-02 1.90912e-04 1.56118e+07 -11  -11   
 1.23051e-02 1.99910e-04 1.56102e+07 -11  -11   
 1.24963e-02 2.09331e-04 1.56086e+07 -11  -11   
 1.26906e-02 2.19196e-04 1.56069e+07 -11  -11   
 1.28879e-02 2.29527e-04 1.56052e+07 -11  -11   
 1.30883e-02 2.40344e-04 1.56034e+07 -11  -11   
 1.32919e-02 2.51671e-04 1.56016e+07 -11  -11   
 1.34986e-02 2.63532e-04 1.55997e+07 -11  -11   
 1.37086e-02 2.75952e-04 1.55977e+07 -11  -11   
 1.39220e-02 2.88957e-04 1.55957e+07 -11  -11   
 1.41386e-02 3.02575e-04 1.55937e+07 -11  -11   
 1.43587e-02 3.16835e-04 1.55915e+07 -11  -11   
 1.45823e-02 3.31767e-04 1.55893e+07 -11  -11   
 1.48094e-02 3.47403e-04 1.55871e+07 -11  -11   
 1.50400e-02 3.63776e-04 1.55847e+07 -11  -11   
 1.52743e-02 3.80920e-04 1.55823e+07 -11  -11   
 1.55123e-02 3.98872e-04 1.55798e+07 -11  -11   
 1.57541e-02 4.17670e-04 1.55773e+07 -11  -11   
 1.59997e-02 4.37354e-04 1.55746e+07 -11  -11   
 1.62492e-02 4.57966e-04 1.55719e+07 -11  -11   
 1.65026e-02 4.79550e-04 1.55691e+07 -11  -11   
 1.67601e-02 5.02150e-04 1.55662e+07 -11  -11   
 1.70216e-02 5.25816e-04 1.55632e+07 -11  -11   
 1.72873e-02 5.50597e-04 1.55602e+07 -11  -11   
 1.75572e-02 5.76545e-04 1.55570e+07 -11  -11   
 1.78315e-02 6.03717e-04 1.55537e+07 -11  -11   
 1.81100e-02 6.32169e-04 1.55503e+07 -11  -11   
 1.83931e-02 6.61963e-04 1.55469e+07 -11  -11   
 1.86806e-02 6.93160e-04 1.55433e+07 -11  -11   
 1.89727e-02 7.25828e-04 1.55396e+07 -11  -11   
 1.92695e-02 7.60035e-04 1.55358e+07 -11  -11   
 1.95710e-02 7.95854e-04 1.55318e+07 -11  -11   
 1.98774e-02 8.33362e-04 1.55278e+07 -11  -11   
 2.01886e-02 8.72637e-04 1.55236e+07 -11  -11   
 2.05049e-02 9.13763e-04 1.55193e+07 -11  -11   
 2.08263e-02 9.56827e-04 1.55149e+07 -11  -11   
 2.11528e-02 1.00192e-03 1.55103e+07 -11  -11   
 2.14845e-02 1.04914e-03 1.55056e+07 -11  -11   
 2.18216e-02 1.09858e-03 1.55007e+07 -11  -11   
 2.21642e-02 1.15036e-03 1.54957e+07 -11  -11   
 2.25123e-02 1.20457e-03 1.54905e+07 -11  -11   
 2.28660e-02 1.26134e-03 1.54852e+07 -11  -11   
 2.32254e-02 1.32079e-03 1.54797e+07 -11  -11   
 2.35907e-02 1.38304e-03 1.54740e+07 -11  -11   
 2.39619e-02 1.44822e-03 1.54682e+07 -11  -11   
 2.43392e-02 1.51647e-03 1.54622e+07 -11  -11   
 2.47226e-02 1.58794e-03 1.54560e+07 -11  -11   
 2.51122e-02 1.66278e-03 1.54496e+07 -11  -11   
 2.55082e-02 1.74114e-03 1.54430e+07 -11  -11   
 2.59107e-02 1.82320e-03 1.54362e+07 -11  -11   
 2.63198e-02 1.90912e-03 1.54292e+07 -11  -11   
 2.67357e-02 1.99910e-03 1.54219e+07 -11  -11   
 2.71583e-02 2.09331e-03 1.54145e+07 -11  -11   
 2.75879e-02 2.19196e-03 1.54068e+07 -11  -11   
 2.80247e-02 2.29527e-03 1.53989e+07 -11  -11   
 2.84686e-02 2.40344e-03 1.53907e+07 -11  -11   
 2.89199e-02 2.51671e-03 1.53823e+07 -11  -11   
 2.93787e-02 2.63532e-03 1.53737e+07 -11  -11   
 2.98452e-02 2.75952e-03 1.53647e+07 -11  -11   
 3.03194e-02 2.88957e-03 1.53555e+07 -11  -11   
 3.08015e-02 3.02575e-03 1.53460e+07 -11  -11   
 3.12917e-02 3.16835e-03 1.53362e+07 -11  -11   
 3.17902e-02 3.31767e-03 1.53261e+07 -11  -11   
 3.22970e-02 3.47403e-03 1.53158e+07 -11  -11   
 3.28124e-02 3.63776e-03 1.53050e+07 -11  -11   
 3.33365e-02 3.80920e-03 1.52940e+07 -11  -11   
 3.38695e-02 3.98872e-03 1.52826e+07 -11  -11   
 3.44116e-02 4.17670e-03 1.52709e+07 -11  -11   
 3.49629e-02 4.37354e-03 1.52588e+07 -11  -11   
 3.55236e-02 4.57966e-03 1.52463e+07 -11  -11   
 3.60940e-02 4.79550e-03 1.52335e+07 -11  -11   
 3.66741e-02 5.02150e-03 1.52203e+07 -11  -11   
 3.72642e-02 5.25816e-03 1.52066e+07 -11  -11   
 3.78646e-02 5.50597e-03 1.51926e+07 -11  -11   
 3.84754e-02 5.76545e-03 1.51781e+07 -11  -11   
 3.90968e-02 6.03717e-03 1.51632e+07 -11  -11   
 3.97290e-02 6.32169e-03 1.51478e+07 -11  -11   
 4.03723e-02 6.61963e-03 1.51320e+07 -11  -11   
 4.10269e-02 6.93160e-03 1.51156e+07 -11  -11   
 4.16931e-02 7.25828e-03 1.50988e+07 -11  -11   
 4.23711e-02 7.60035e-03 1.50815e+07 -11  -11   
 4.30611e-02 7.95854e-03 1.50636e+07 -11  -11   
 4.37634e-02 8.33362e-03 1.50452e+07 -11  -11   
 4.44783e-02 8.72637e-03 1.50263e+07 -11  -11   
 4.52061e-02 9.13763e-03 1.50067e+07 -11  -11   
 4.59470e-02 9.56827e-03 1.49866e+07 -11  -11   
 4.67012e-02 1.00192e-02 1.49659e+07 -11  -11   
 4.74693e-02 1.04914e-02 1.49445e+07 -11  -11   
 4.82513e-02 1.09858e-02 1.49225e+07 -11  -11   
 4.90478e-02 1.15036e-02 1.48999e+07 -11  -11   
 4.98589e-02 1.20457e-02 1.48765e+07 -11  -11   
 5.06850e-02 1.26134e-02 1.48525e+07 -11  -11   
 5.15265e-02 1.32079e-02 1.48277e+07 -11  -11   
 5.23838e-02 1.38304e-02 1.48022e+07 -11  -11   
 5.32572e-02 1.44822e-02 1.47760e+07 -11  -11   
 5.41470e-02 1.51647e-02 1.47489e+07 -11  -11   
 5.50538e-02 1.58794e-02 1.47211e+07 -11  -11   
 5.59779e-02 1.66278e-02 1.46924e+07 -11  -11   
 5.69197e-02 1.74114e-02 1.46628e+07 -11  -11   
 5.78796e-02 1.82320e-02 1.46324e+07 -11  -11   
 5.88582e-02 1.90912e-02 1.46011e+07 -11  -11   
 5.98559e-02 1.99910e-02 1.45688e+07 -11  -11   
 6.08732e-02 2.09331e-02 1.45356e+07 -11  -11   
 6.19105e-02 2.19196e-02 1.45015e+07 -11  -11   
 6.29685e-02 2.29527e-02 1.44663e+07 -11  -11   
 6.40476e-02 2.40344e-02 1.44300e+07 -11  -11   
 6.51484e-02 2.51671e-02 1.43927e+07 -11  -11   
 6.62715e-02 2.63532e-02 1.43544e+07 -11  -11   
 6.74174e-02 2.75952e-02 1.43149e+07 -11  -11   
 6.85869e-02 2.88957e-02 1.42742e+07 -11  -11   
 6.97805e-02 3.02575e-02 1.42324e+07 -11  -11   
 7.09989e-02 3.16835e-02 1.41893e+07 -11  -11   
 7.22428e-02 3.31767e-02 1.41450e+07 -11  -11   
 7.35129e-02 3.47403e-02 1.40994e+07 -11  -11   
 7.48100e-02 3.63776e-02 1.40525e+07 -11  -11   
 7.61349e-02 3.80920e-02 1.40042e+07 -11  -11   
 7.74610e-02 3.98506e-02 1.39555e+07 -11  -11   
 7.87751e-02 4.16350e-02 1.39070e+07 -11  -11   
 8.00784e-02 4.34458e-02 1.38586e+07 -11  -11   
 8.13722e-02 4.52836e-02 1.38102e+07 -11  -11   
 8.26576e-02 4.71490e-02 1.37619e+07 -11  -11   
 8.39357e-02 4.90426e-02 1.37136e+07 -11  -11   
 8.52075e-02 5.09652e-02 1.36653e+07 -11  -11   
 8.64740e-02 5.29175e-02 1.36170e+07 -11  -11   
 8.77361e-02 5.49002e-02 1.35687e+07 -11  -11   
 8.89947e-02 5.69142e-02 1.35203e+07 -11  -11   
 9.02506e-02 5.89603e-02 1.34719e+07 -11  -11   
 9.15046e-02 6.10394e-02 1.34234e+07 -11  -11   
 9.27576e-02 6.31524e-02 1.33747e+07 -11  -11   
 9.40103e-02 6.53003e-02 1.33260e+07 -11  -11   
 9.52634e-02 6.74842e-02 1.32771e+07 -11  -11   
 9.65177e-02 6.97051e-02 1.32280e+07 -11  -11   
 9.77739e-02 7.19643e-02 1.31787e+07 -11  -11   
 9.90329e-02 7.42628e-02 1.31292e+07 -11  -11   
 1.00295e-01 7.66021e-02 1.30795e+07 -11  -11   
 1.01562e-01 7.89834e-02 1.30295e+07 -11  -11   
 1.02833e-01 8.14081e-02 1.29793e+07 -11  -11   
 1.04110e-01 8.38779e-02 1.29288e+07 -11  -11   
 1.05393e-01 8.63942e-02 1.28780e+07 -11  -11   
 1.06684e-01 8.89589e-02 1.28268e+07 -11  -11   
 1.07982e-01 9.15736e-02 1.27753e+07 -11  -11   
 1.09289e-01 9.42403e-02 1.27234e+07 -11  -11   
 1.10606e-01 9.69611e-02 1.26711e+07 -11  -11   
 1.11934e-01 9.97380e-02 1.26184e+07 -11  -11   
 1.13272e-01 1.02573e-01 1.25652e+07 -11  -11   
 1.14623e-01 1.05470e-01 1.25115e+07 -11  -11   
 1.15987e-01 1.08430e-01 1.24573e+07 -11  -11   
 1.17366e-01 1.11456e-01 1.24025e+07 -11  -11   
 1.18760e-01 1.14551e-01 1.23472e+07 -11  -11   
 1.20170e-01 1.17720e-01 1.22912e+07 -11  -11   
 1.21598e-01 1.20964e-01 1.22346e+07 -11  -11   
 1.23045e-01 1.24287e-01 1.21773e+07 -11  -11   
 1.24513e-01 1.27695e-01 1.21192e+07 -11  -11   
 1.26002e-01 1.31191e-01 1.20604e+07 -11  -11   
 1.27515e-01 1.34779e-01 1.20007e+07 -11  -11   
 1.29052e-01 1.38465e-01 1.19401e+07 -11  -11   
 1.30617e-01 1.42255e-01 1.18786e+07 -11  -11   
 1.32210e-01 1.46153e-01 1.18161e+07 -11  -11   
 1.33835e-01 1.50168e-01 1.17525e+07 -11  -11   
 1.35492e-01 1.54306e-01 1.16878e+07 -11  -11   
 1.37186e-01 1.58574e-01 1.16218e+07 -11  -11   
 1.38917e-01 1.62982e-01 1.15546e+07 -11  -11   
 1.40691e-01 1.67538e-01 1.14859e+07 -11  -11   
 1.42508e-01 1.72253e-01 1.14158e+07 -11  -11   
 1.44375e-01 1.77138e-01 1.13441e+07 -11  -11   
 1.46293e-01 1.82206e-01 1.12707e+07 -11  -11   
 1.48268e-01 1.87470e-01 1.11955e+07 -11  -11   
 1.50284e-01 1.92892e-01 1.11190e+07 -11  -11   
 1.52287e-01 1.98326e-01 1.10434e+07 -11  -11   
 1.54279e-01 2.03770e-01 1.09686e+07 -11  -11   
 1.56260e-01 2.09225e-01 1.08946e+07 -11  -11   
 1.58229e-01 2.14687e-01 1.08214e+07 -11  -11   
 1.60187e-01 2.20155e-01 1.07491e+07 -11  -11   
 1.62135e-01 2.25629e-01 1.06775e+07 -11  -11   
 1.64073e-01 2.31105e-01 1.06067e+07 -11  -11   
 1.66000e-01 2.36584e-01 1.05367e+07 -11  -11   
 1.67919e-01 2.42064e-01 1.04674e+07 -11  -11   
 1.69827e-01 2.47544e-01 1.03989e+07 -11  -11   
 1.71727e-01 2.53021e-01 1.03312e+07 -11  -11   
 1.73617e-01 2.58496e-01 1.02642e+07 -11  -11   
 1.75499e-01 2.63967e-01 1.01979e+07 -11  -11   
 1.77372e-01 2.69432e-01 1.01324e+07 -11  -11   
 1.79237e-01 2.74891e-01 1.00676e+07 -11  -11   
 1.81094e-01 2.80343e-01 1.00035e+07 -11  -11   
 1.82943e-01 2.85787e-01 9.94005e+06 -11  -11   
 1.84784e-01 2.91221e-01 9.87733e+06 -11  -11   
 1.86619e-01 2.96645e-01 9.81529e+06 -11  -11   
 1.88446e-01 3.02058e-01 9.75391e+06 -11  -11   
 1.90266e-01 3.07459e-01 9.69320e+06 -11  -11   
 1.92079e-01 3.12847e-01 9.63314e+06 -11  -11   
 1.93884e-01 3.18221e-01 9.57373e+06 -11  -11   
 1.95684e-01 3.23581e-01 9.51495e+06 -11  -11   
 1.97477e-01 3.28925e-01 9.45679e+06 -11  -11   
 1.99263e-01 3.34254e-01 9.39925e+06 -11  -11   
 2.01044e-01 3.39566e-01 9.34232e+06 -11  -11   
 2.02819e-01 3.44860e-01 9.28599e+06 -11  -11   
 2.04588e-01 3.50137e-01 9.23026e+06 -11  -11   
 2.06351e-01 3.55395e-01 9.17510e+06 -11  -11   
 2.08109e-01 3.60633e-01 9.12052e+06 -11  -11   
 2.09862e-01 3.65852e-01 9.06651e+06 -11  -11   
 2.11609e-01 3.71051e-01 9.01305e+06 -11  -11   
 2.13352e-01 3.76228e-01 8.96015e+06 -11  -11   
 2.15089e-01 3.81385e-01 8.90779e+06 -11  -11   
 2.16822e-01 3.86519e-01 8.85596e+06 -11  -11   
 2.18550e-01 3.91631e-01 8.80466e+06 -11  -11   
 2.20273e-01 3.96720e-01 8.75387e+06 -11  -11   
 2.21992e-01 4.01786e-01 8.70360e+06 -11  -11   
 2.23707e-01 4.06829e-01 8.65382e+06 -11  -11   
 2.25418e-01 4.11847e-01 8.60454e+06 -11  -11   
 2.27124e-01 4.16842e-01 8.55575e+06 -11  -11   
 2.28827e-01 4.21811e-01 8.50744e+06 -11  -11   
 2.30526e-01 4.26756e-01 8.45959e+06 -11  -11   
 2.32221e-01 4.31675e-01 8.41222e+06 -11  -11   
 2.33913e-01 4.36568e-01 8.36530e+06 -11  -11   
 2.35601e-01 4.41436e-01 8.31883e+06 -11  -11   
 2.37286e-01 4.46277e-01 8.27281e+06 -11  -11   
 2.38967e-01 4.51092e-01 8.22723e+06 -11  -11   
 2.40645e-01 4.55881e-01 8.18208e+06 -11  -11   
 2.42320e-01 4.60642e-01 8.13735e+06 -11  -11   
 2.43993e-01 4.65376e-01 8.09304e+06 -11  -11   
 2.45662e-01 4.70084e-01 8.04914e+06 -11  -11   
 2.47329e-01 4.74763e-01 8.00564e+06 -11  -11   
 2.48993e-01 4.79415e-01 7.96254e+06 -11  -11   
 2.50654e-01 4.84040e-01 7.91983e+06 -11  -11   
 2.52313e-01 4.88636e-01 7.87751e+06 -11  -11   
 2.53970e-01 4.93204e-01 7.83557e+06 -11  -11   
 2.55624e-01 4.97744e-01 7.79400e+06 -11  -11   
 2.57276e-01 5.02256e-01 7.75280e+06 -11  -11   
 2.58926e-01 5.06740e-01 7.71197e+06 -11  -11   
 2.60574e-01 5.11195e-01 7.67149e+06 -11  -11   
 2.62220e-01 5.15621e-01 7.63136e+06 -11  -11   
 2.63864e-01 5.20019e-01 7.59158e+06 -11  -11   
 2.65507e-01 5.24388e-01 7.55214e+06 -11  -11   
 2.67147e-01 5.28728e-01 7.51304e+06 -11  -11   
 2.68786e-01 5.33040e-01 7.47427e+06 -11  -11   
 2.70424e-01 5.37323e-01 7.43584e+06 -11  -11   
 2.72060e-01 5.41576e-01 7.39772e+06 -11  -11   
 2.73695e-01 5.45801e-01 7.35992e+06 -11  -11   
 2.75328e-01 5.49998e-01 7.32244e+06 -11  -11   
 2.76960e-01 5.54165e-01 7.28527e+06 -11  -11   
 2.78591e-01 5.58303e-01 7.24840e+06 -11  -11   
 2.80221e-01 5.62413e-01 7.21184e+06 -11  -11   
 2.81849e-01 5.66493e-01 7.17557e+06 -11  -11   
 2.83477e-01 5.70545e-01 7.13960e+06 -11  -11   
 2.85104e-01 5.74568e-01 7.10392e+06 -11  -11   
 2.86730e-01 5.78562e-01 7.06853e+06 -11  -11   
 2.88356e-01 5.82528e-01 7.03342e+06 -11  -11   
 2.89981e-01 5.86464e-01 6.99859e+06 -11  -11   
 2.91605e-01 5.90372e-01 6.96404e+06 -11  -11   
 2.93228e-01 5.94252e-01 6.92975e+06 -11  -11   
 2.94852e-01 5.98103e-01 6.89574e+06 -11  -11   
 2.96474e-01 6.01925e-01 6.86199e+06 -11  -11   
 2.98097e-01 6.05719e-01 6.82851e+06 -11  -11   
 2.99719e-01 6.09485e-01 6.79528e+06 -11  -11   
 3.01341e-01 6.13222e-01 6.76231e+06 -11  -11   
 3.02963e-01 6.16931e-01 6.72959e+06 -11  -11   
 3.04585e-01 6.20613e-01 6.69711e+06 -11  -11   
 3.06206e-01 6.24266e-01 6.66488e+06 -11  -11   
 3.07828e-01 6.27891e-01 6.63287e+06 -11  -11   
 3.09450e-01 6.31488e-01 6.60109e+06 -11  -11   
 3.11072e-01 6.35058e-01 6.56952e+06 -11  -11   
 3.12694e-01 6.38600e-01 6.53818e+06 -11  -11   
 3.14316e-01 6.42115e-01 6.50705e+06 -11  -11   
 3.15939e-01 6.45602e-01 6.47613e+06 -11  -11   
 3.17561e-01 6.49062e-01 6.44543e+06 -11  -11   
 3.19185e-01 6.52494e-01 6.41493e+06 -11  -11   
 3.20808e-01 6.55900e-01 6.38464e+06 -11  -11   
 3.22432e-01 6.59278e-01 6.35454e+06 -11  -11   
 3.24057e-01 6.62630e-01 6.32465e+06 -11  -11   
 3.25682e-01 6.65955e-01 6.29496e+06 -11  -11   
 3.27308e-01 6.69253e-01 6.26546e+06 -11  -11   
 3.28934e-01 6.72525e-01 6.23615e+06 -11  -11   
 3.30561e-01 6.75771e-01 6.20702e+06 -11  -11   
 3.32189e-01 6.78990e-01 6.17809e+06 -11  -11   
 3.33817e-01 6.82183e-01 6.14934e+06 -11  -11   
 3.35446e-01 6.85350e-01 6.12077e+06 -11  -11   
 3.37076e-01 6.88492e-01 6.09238e+06 -11  -11   
 3.38707e-01 6.91607e-01 6.06417e+06 -11  -11   
 3.40339e-01 6.94697e-01 6.03614e+06 -11  -11   
 3.41972e-01 6.97762e-01 6.00828e+06 -11  -11   
 3.43605e-01 7.00801e-01 5.98059e+06 -11  -11   
 3.45240e-01 7.03815e-01 5.95307e+06 -11  -11   
 3.46876e-01 7.06804e-01 5.92572e+06 -11  -11   
 3.48513e-01 7.09768e-01 5.89853e+06 -11  -11   
 3.50151e-01 7.12708e-01 5.87151e+06 -11  -11   
 3.51790e-01 7.15623e-01 5.84465e+06 -11  -11   
 3.53430e-01 7.18513e-01 5.81795e+06 -11  -11   
 3.55071e-01 7.21379e-01 5.79140e+06 -11  -11   
 3.56714e-01 7.24220e-01 5.76502e+06 -11  -11   
 3.58358e-01 7.27038e-01 5.73879e+06 -11  -11   
 3.60003e-01 7.29832e-01 5.71271e+06 -11  -11   
 3.61650e-01 7.32601e-01 5.68678e+06 -11  -11   
 3.63298e-01 7.35348e-01 5.66101e+06 -11  -11   
 3.64948e-01 7.38071e-01 5.63538e+06 -11  -11   
 3.66599e-01 7.40770e-01 5.60990e+06 -11  -11   
 3.68251e-01 7.43446e-01 5.58456e+06 -11  -11   
 3.69905e-01 7.46099e-01 5.55937e+06 -11  -11   
 3.71560e-01 7.48730e-01 5.53431e+06 -11  -11   
 3.73217e-01 7.51337e-01 5.50940e+06 -11  -11   
 3.74876e-01 7.53922e-01 5.48463e+06 -11  -11   
 3.76536e-01 7.56484e-01 5.45999e+06 -11  -11   
 3.78198e-01 7.59024e-01 5.43549e+06 -11  -11   
 3.79861e-01 7.61542e-01 5.41113e+06 -11  -11   
 3.81526e-01 7.64038e-01 5.38689e+06 -11  -11   
 3.83193e-01 7.66512e-01 5.36279e+06 -11  -11   
 3.84861e-01 7.68964e-01 5.33882e+06 -11  -11   
 3.86532e-01 7.71395e-01 5.31497e+06 -11  -11   
 3.88204e-01 7.73804e-01 5.29126e+06 -11  -11   
 3.89878e-01 7.76192e-01 5.26767e+06 -11  -11   
 3.91553e-01 7.78558e-01 5.24420e+06 -11  -11   
 3.93231e-01 7.80904e-01 5.22086e+06 -11  -11   
 3.94911e-01 7.83228e-01 5.19764e+06 -11  -11   
 3.96592e-01 7.85532e-01 5.17454e+06 -11  -11   
 3.98275e-01 7.87816e-01 5.15156e+06 -11  -11   
 3.99960e-01 7.90079e-01 5.12870e+06 -11  -11   
 4.01648e-01 7.92321e-01 5.10595e+06 -11  -11   
 4.03337e-01 7.94544e-01 5.08332e+06 -11  -11   
 4.05028e-01 7.96746e-01 5.06081e+06 -11  -11   
 4.06722e-01 7.98929e-01 5.03840e+06 -11  -11   
 4.08417e-01 8.01092e-01 5.01612e+06 -11  -11   
 4.10114e-01 8.03235e-01 4.99394e+06 -11  -11   
 4.11814e-01 8.05359e-01 4.97187e+06 -11  -11   
 4.13515e-01 8.07463e-01 4.94991e+06 -11  -11   
 4.15219e-01 8.09549e-01 4.92806e+06 -11  -11   
 4.16925e-01 8.11615e-01 4.90631e+06 -11  -11   
 4.18633e-01 8.13662e-01 4.88467e+06 -11  -11   
 4.20343e-01 8.15691e-01 4.86313e+06 -11  -11   
 4.22055e-01 8.17701e-01 4.84170e+06 -11  -11   
 4.23770e-01 8.19693e-01 4.82037e+06 -11  -11   
 4.25487e-01 8.21666e-01 4.79914e+06 -11  -11   
 4.27206e-01 8.23621e-01 4.77801e+06 -11  -11   
 4.28927e-01 8.25558e-01 4.75698e+06 -11  -11   
 4.30651e-01 8.27477e-01 4.73605e+06 -11  -11   
 4.32377e-01 8.29378e-01 4.71521e+06 -11  -11   
 4.34105e-01 8.31262e-01 4.69448e+06 -11  -11   
 4.35835e-01 8.33128e-01 4.67384e+06 -11  -11   
 4.37568e-01 8.34976e-01 4.65329e+06 -11  -11   
 4.39303e-01 8.36808e-01 4.63284e+06 -11  -11   
 4.41041e-01 8.38622e-01 4.61248e+06 -11  -11   
 4.42781e-01 8.40419e-01 4.59221e+06 -11  -11   
 4.44523e-01 8.42200e-01 4.57204e+06 -11  -11   
 4.46268e-01 8.43964e-01 4.55196e+06 -11  -11   
 4.48015e-01 8.45711e-01 4.53196e+06 -11  -11   
 4.49765e-01 8.47441e-01 4.51205e+06 -11  -11   
 4.51516e-01 8.49156e-01 4.49224e+06 -11  -11   
 4.53271e-01 8.50854e-01 4.47250e+06 -11  -11   
 4.55028e-01 8.52536e-01 4.45286e+06 -11  -11   
 4.56787e-01 8.54202e-01 4.43330e+06 -11  -11   
 4.58549e-01 8.55852e-01 4.41382e+06 -11  -11   
 4.60313e-01 8.57487e-01 4.39443e+06 -11  -11   
 4.62080e-01 8.59105e-01 4.37512e+06 -11  -11   
 4.63849e-01 8.60709e-01 4.35589e+06 -11  -11   
 4.65621e-01 8.62297e-01 4.33674e+06 -11  -11   
 4.67395e-01 8.63870e-01 4.31768e+06 -11  -11   
 4.69172e-01 8.65428e-01 4.29869e+06 -11  -11.757  
 4.70951e-01 8.66971e-01 4.27978e+06 -11  -11.049  
 4.72733e-01 8.68499e-01 4.26094e+06 -11  -10.452  
 4.74517e-01 8.70012e-01 4.24218e+06 -11  -9.873  
 4.76304e-01 8.71510e-01 4.22350e+06 -11  -9.314  
 4.78094e-01 8.72995e-01 4.20489e+06 -11  -8.776  
 4.79886e-01 8.74464e-01 4.18635e+06 -11  -8.259  
 4.81680e-01 8.75920e-01 4.16789e+06 -11  -7.763  
 4.83477e-01 8.77361e-01 4.14950e+06 -11  -7.288  
 4.85277e-01 8.78788e-01 4.13118e+06 -11  -6.833  
 4.87079e-01 8.80202e-01 4.11293e+06 -11  -6.400  
 4.88884e-01 8.81601e-01 4.09475e+06 -11  -5.988  
 4.90691e-01 8.82987e-01 4.07664e+06 -11  -5.594  
 4.92501e-01 8.84360e-01 4.05860e+06 -11  -5.219  
 4.94314e-01 8.85719e-01 4.04062e+06 -11  -4.861  
 4.96129e-01 8.87064e-01 4.02271e+06 -11  -4.521  
 4.97946e-01 8.88396e-01 4.00487e+06 -11  -4.198  
 4.99767e-01 8.89716e-01 3.98709e+06 -11  -3.892  
 5.01589e-01 8.91022e-01 3.96937e+06 -11  -3.602  
 5.03415e-01 8.92315e-01 3.95171e+06 -11  -3.328  
 5.05243e-01 8.93595e-01 3.93412e+06 -11  -3.069  
 5.07073e-01 8.94863e-01 3.91659e+06 -11  -2.823  
 5.08906e-01 8.96118e-01 3.89912e+06 -11  -2.591  
 5.10742e-01 8.97361e-01 3.88171e+06 -11  -2.371  
 5.12580e-01 8.98591e-01 3.86436e+06 -11  -2.163  
 5.14420e-01 8.99809e-01 3.84706e+06 -11  -1.967  
 5.16264e-01 9.01014e-01 3.82983e+06 -11  -1.782  
 5.18109e-01 9.02208e-01 3.81265e+06 -11  -1.607  
 5.19958e-01 9.03390e-01 3.79553e+06 -11  -1.443  
 5.21808e-01 9.04560e-01 3.77846e+06 -11  -1.287  
 5.23662e-01 9.05718e-01 3.76145e+06 -11  -1.141  
 5.25517e-01 9.06864e-01 3.74449e+06 -11  -1.002  
 5.27376e-01 9.07999e-01 3.72758e+06 -11  -0.872  
 5.29237e-01 9.09122e-01 3.71073e+06 -11  -0.749  
 5.31100e-01 9.10234e-01 3.69393e+06 -11  -0.633  
 5.32966e-01 9.11335e-01 3.67718e+06 -11  -0.524  
 5.34834e-01 9.12424e-01 3.66048e+06 -11  -0.421  
 5.36705e-01 9.13503e-01 3.64383e+06 -11  -0.324  
 5.38578e-01 9.14570e-01 3.62723e+06 -11  -0.233  
 5.40453e-01 9.15627e-01 3.61068e+06 -11  -0.146  
 5.42331e-01 9.16672e-01 3.59417e+06 -11  -0.065  
 5.44212e-01 9.17707e-01 3.57772e+06 -11   0.012  
 5.46095e-01 9.18732e-01 3.56130e+06 -11   0.084  
 5.47980e-01 9.19745e-01 3.54494e+06 -11   0.153  
 5.49867e-01 9.20749e-01 3.52862e+06 -11   0.217  
 5.51757e-01 9.21742e-01 3.51234e+06 -11   0.278  
 5.53649e-01 9.22725e-01 3.49610e+06 -11   0.336  
 5.55544e-01 9.23697e-01 3.47991e+06 -11   0.390  
 5.57441e-01 9.24660e-01 3.46376e+06 -11   0.441  
 5.59340e-01 9.25612e-01 3.44765e+06 -11   0.489  
 5.61241e-01 9.26555e-01 3.43158e+06 -10.82  0.535  
 5.63145e-01 9.27487e-01 3.41556e+06 -10.27  0.578  
 5.65050e-01 9.28410e-01 3.39957e+06 -9.738  0.619  
 5.66958e-01 9.29324e-01 3.38361e+06 -9.219  0.658  
 5.68868e-01 9.30228e-01 3.36770e+06 -8.715  0.694  
 5.70781e-01 9.31122e-01 3.35182e+06 -8.228  0.729  
 5.72695e-01 9.32007e-01 3.33598e+06 -7.759  0.761  
 5.74612e-01 9.32882e-01 3.32017e+06 -7.308  0.792  
 5.76530e-01 9.33749e-01 3.30440e+06 -6.875  0.821  
 5.78451e-01 9.34606e-01 3.28866e+06 -6.457  0.849  
 5.80374e-01 9.35454e-01 3.27295e+06 -6.054  0.875  
 5.82298e-01 9.36293e-01 3.25728e+06 -5.667  0.900  
 5.84225e-01 9.37123e-01 3.24164e+06 -5.298  0.924  
 5.86154e-01 9.37945e-01 3.22602e+06 -4.946  0.946  
 5.88084e-01 9.38757e-01 3.21044e+06 -4.608  0.967  
 5.90017e-01 9.39561e-01 3.19488e+06 -4.285  0.987  
 5.91951e-01 9.40356e-01 3.17935e+06 -3.976  1.006  
 5.93887e-01 9.41143e-01 3.16385e+06 -3.683  1.024  
 5.95825e-01 9.41921e-01 3.14838e+06 -3.404  1.041  
 5.97765e-01 9.42691e-01 3.13293e+06 -3.139  1.058  
 5.99706e-01 9.43453e-01 3.11750e+06 -2.886  1.073  
 6.01649e-01 9.44206e-01 3.10210e+06 -2.646  1.088  
 6.03594e-01 9.44951e-01 3.08672e+06 -2.419  1.102  
 6.05540e-01 9.45688e-01 3.07136e+06 -2.204  1.115  
 6.07488e-01 9.46417e-01 3.05602e+06 -2.001  1.127  
 6.09437e-01 9.47139e-01 3.04070e+06 -1.808  1.139  
 6.11388e-01 9.47852e-01 3.02540e+06 -1.625  1.151  
 6.13340e-01 9.48557e-01 3.01012e+06 -1.452  1.161  
 6.15293e-01 9.49255e-01 2.99486e+06 -1.290  1.171  
 6.17248e-01 9.49945e-01 2.97961e+06 -1.136  1.181  
 6.19204e-01 9.50627e-01 2.96437e+06 -0.990  1.190  
 6.21162e-01 9.51302e-01 2.94915e+06 -0.853  1.199  
 6.23120e-01 9.51970e-01 2.93394e+06 -0.724  1.208  
 6.25080e-01 9.52630e-01 2.91874e+06 -0.602  1.215  
 6.27041e-01 9.53282e-01 2.90354e+06 -0.487  1.223  
 6.29003e-01 9.53928e-01 2.88836e+06 -0.379  1.230  
 6.30965e-01 9.54566e-01 2.87319e+06 -0.278  1.237  
 6.32929e-01 9.55197e-01 2.85801e+06 -0.182  1.243  
 6.34893e-01 9.55821e-01 2.84285e+06 -0.092  1.249  
 6.36858e-01 9.56438e-01 2.82768e+06 -0.007  1.255  
 6.38824e-01 9.57048e-01 2.81252e+06  0.072  1.261  
 6.40791e-01 9.57651e-01 2.79735e+06  0.147  1.266  
 6.42758e-01 9.58248e-01 2.78218e+06  0.217  1.271  
 6.44725e-01 9.58837e-01 2.76701e+06  0.283  1.275  
 6.46693e-01 9.59420e-01 2.75182e+06  0.345  1.280  
 6.48661e-01 9.59996e-01 2.73663e+06  0.403  1.284  
 6.50630e-01 9.60566e-01 2.72143e+06  0.458  1.287  
 6.52598e-01 9.61129e-01 2.70621e+06  0.509  1.291  
 6.54567e-01 9.61686e-01 2.69098e+06  0.558  1.294  
 6.56535e-01 9.62236e-01 2.67574e+06  0.603  1.298  
 6.58504e-01 9.62780e-01 2.66049e+06  0.647  1.301  
 6.60472e-01 9.63318e-01 2.64522e+06  0.672  1.302  
 6.62439e-01 9.63849e-01 2.62993e+06  0.689  1.304  
 6.64407e-01 9.64375e-01 2.61460e+06  0.705  1.305  
 6.66373e-01 9.64894e-01 2.59924e+06  0.721  1.305  
 6.68338e-01 9.65407e-01 2.58383e+06  0.737  1.306  
 6.70302e-01 9.65914e-01 2.56839e+06  0.752  1.307  
 6.72265e-01 9.66415e-01 2.55289e+06  0.767  1.308  
 6.74227e-01 9.66910e-01 2.53734e+06  0.781  1.309  
 6.76187e-01 9.67399e-01 2.52174e+06  0.795  1.309  
 6.78146e-01 9.67883e-01 2.50607e+06  0.809  1.310  
 6.80103e-01 9.68360e-01 2.49034e+06  0.822  1.311  
 6.82058e-01 9.68832e-01 2.47453e+06  0.834  1.311  
 6.84011e-01 9.69299e-01 2.45864e+06  0.846  1.312  
 6.85962e-01 9.69760e-01 2.44267e+06  0.857  1.312  
 6.87910e-01 9.70215e-01 2.42660e+06  0.868  1.312  
 6.89856e-01 9.70665e-01 2.41043e+06  0.878  1.313  
 6.91799e-01 9.71109e-01 2.39415e+06  0.888  1.313  
 6.93739e-01 9.71548e-01 2.37776e+06  0.897  1.313  
 6.95675e-01 9.71981e-01 2.36123e+06  0.906  1.313  
 6.97608e-01 9.72409e-01 2.34456e+06  0.914  1.314  
 6.99538e-01 9.72832e-01 2.32773e+06  0.922  1.314  
 7.01463e-01 9.73250e-01 2.31074e+06  0.929  1.314  
 7.02559e-01 9.73486e-01 2.30097e+06  0.933  1.314  
 7.04368e-01 9.73872e-01 2.28468e+06  0.939  1.314  
 7.06172e-01 9.74253e-01 2.26821e+06  0.944  1.314  
 7.07971e-01 9.74631e-01 2.25153e+06  0.949  1.314  
 7.09766e-01 9.75003e-01 2.23462e+06  0.953  1.314  
 7.11556e-01 9.75371e-01 2.21657e+06  0.971  1.313  
 7.13339e-01 9.75735e-01 2.19759e+06  0.971  1.313  
 7.15115e-01 9.76095e-01 2.17878e+06  0.971  1.313  
 7.16883e-01 9.76450e-01 2.16012e+06  0.971  1.313  
 7.18645e-01 9.76800e-01 2.14163e+06  0.971  1.313  
 7.20506e-01 9.77168e-01 2.12219e+06  0.971  1.313  
 7.22359e-01 9.77531e-01 2.10292e+06  0.971  1.313  
 7.24203e-01 9.77889e-01 2.08382e+06  0.971  1.313  
 7.26039e-01 9.78242e-01 2.06490e+06  0.971  1.313  
 7.27867e-01 9.78590e-01 2.04616e+06  0.971  1.313  
 7.29687e-01 9.78934e-01 2.02758e+06  0.971  1.313  
 7.31499e-01 9.79274e-01 2.00917e+06  0.971  1.313  
 7.33302e-01 9.79608e-01 1.99093e+06  0.971  1.313  
 7.35097e-01 9.79939e-01 1.97285e+06  0.971  1.313  
 7.36883e-01 9.80265e-01 1.95494e+06  0.971  1.313  
 7.38661e-01 9.80586e-01 1.93719e+06  0.971  1.313  
 7.40431e-01 9.80903e-01 1.91961e+06  0.971  1.313  
 7.42193e-01 9.81216e-01 1.90218e+06  0.971  1.313  
 7.43946e-01 9.81524e-01 1.88491e+06  0.971  1.313  
 7.45691e-01 9.81828e-01 1.86780e+06  0.971  1.313  
 7.47427e-01 9.82128e-01 1.85085e+06  0.971  1.313  
 7.49155e-01 9.82424e-01 1.83404e+06  0.971  1.313  
 7.50874e-01 9.82715e-01 1.81740e+06  0.971  1.313  
 7.52585e-01 9.83003e-01 1.80090e+06  0.971  1.313  
 7.54288e-01 9.83286e-01 1.78455e+06  0.971  1.313  
 7.55982e-01 9.83565e-01 1.76835e+06  0.971  1.313  
 7.57668e-01 9.83841e-01 1.75230e+06  0.971  1.313  
 7.59345e-01 9.84112e-01 1.73639e+06  0.971  1.313  
 7.61014e-01 9.84380e-01 1.72063e+06  0.971  1.313  
 7.62674e-01 9.84643e-01 1.70502e+06  0.971  1.313  
 7.64326e-01 9.84903e-01 1.68954e+06  0.971  1.313  
 7.65969e-01 9.85159e-01 1.67421e+06  0.971  1.313  
 7.67604e-01 9.85411e-01 1.65901e+06  0.971  1.313  
 7.69231e-01 9.85660e-01 1.64395e+06  0.971  1.313  
 7.70849e-01 9.85905e-01 1.62903e+06  0.971  1.313  
 7.72458e-01 9.86146e-01 1.61425e+06  0.971  1.313  
 7.74059e-01 9.86384e-01 1.59960e+06  0.971  1.313  
 7.75652e-01 9.86618e-01 1.58508e+06  0.971  1.313  
 7.77236e-01 9.86849e-01 1.57069e+06  0.971  1.313  
 7.78811e-01 9.87076e-01 1.55644e+06  0.971  1.313  
 7.80379e-01 9.87300e-01 1.54232e+06  0.971  1.313  
 7.81937e-01 9.87520e-01 1.52832e+06  0.971  1.313  
 7.83488e-01 9.87737e-01 1.51445e+06  0.971  1.313  
 7.85030e-01 9.87951e-01 1.50071e+06  0.971  1.313  
 7.86563e-01 9.88162e-01 1.48709e+06  0.971  1.313  
 7.88088e-01 9.88369e-01 1.47359e+06  0.971  1.313  
 7.89604e-01 9.88573e-01 1.46022e+06  0.971  1.313  
 7.91112e-01 9.88774e-01 1.44697e+06  0.971  1.313  
 7.92612e-01 9.88972e-01 1.43384e+06  0.971  1.313  
 7.94103e-01 9.89166e-01 1.42083e+06  0.971  1.313  
 7.95586e-01 9.89358e-01 1.40794e+06  0.971  1.313  
 7.97061e-01 9.89547e-01 1.39517e+06  0.971  1.313  
 7.98527e-01 9.89733e-01 1.38251e+06  0.971  1.313  
 7.99985e-01 9.89915e-01 1.36996e+06  0.971  1.313  
 8.01434e-01 9.90095e-01 1.35753e+06  0.971  1.313  
 8.02875e-01 9.90272e-01 1.34522e+06  0.971  1.313  
 8.04308e-01 9.90446e-01 1.33301e+06  0.971  1.313  
 8.05733e-01 9.90618e-01 1.32092e+06  0.971  1.313  
 8.07149e-01 9.90787e-01 1.30894e+06  0.971  1.313  
 8.08557e-01 9.90953e-01 1.29706e+06  0.971  1.313  
 8.09956e-01 9.91116e-01 1.28529e+06  0.971  1.313  
 8.11348e-01 9.91277e-01 1.27363e+06  0.971  1.313  
 8.12731e-01 9.91435e-01 1.26208e+06  0.971  1.313  
 8.14106e-01 9.91590e-01 1.25063e+06  0.971  1.313  
 8.15473e-01 9.91743e-01 1.23928e+06  0.971  1.313  
 8.16831e-01 9.91894e-01 1.22804e+06  0.971  1.313  
 8.18182e-01 9.92042e-01 1.21690e+06  0.971  1.313  
 8.19524e-01 9.92187e-01 1.20586e+06  0.971  1.313  
 8.20858e-01 9.92330e-01 1.19492e+06  0.971  1.313  
 8.22184e-01 9.92471e-01 1.18408e+06  0.971  1.313  
 8.23502e-01 9.92610e-01 1.17334e+06  0.971  1.313  
 8.24812e-01 9.92746e-01 1.16270e+06  0.971  1.313  
 8.26114e-01 9.92880e-01 1.15215e+06  0.971  1.313  
 8.27407e-01 9.93011e-01 1.14170e+06  0.971  1.313  
 8.28693e-01 9.93141e-01 1.13134e+06  0.971  1.313  
 8.29971e-01 9.93268e-01 1.12108e+06  0.971  1.313  
 8.31241e-01 9.93393e-01 1.11090e+06  0.971  1.313  
 8.32503e-01 9.93516e-01 1.10083e+06  0.971  1.313  
 8.33757e-01 9.93637e-01 1.09084e+06  0.971  1.313  
 8.35003e-01 9.93756e-01 1.08094e+06  0.971  1.313  
 8.36241e-01 9.93873e-01 1.07114e+06  0.971  1.313  
 8.37471e-01 9.93987e-01 1.06142e+06  0.971  1.313  
 8.38693e-01 9.94100e-01 1.05179e+06  0.971  1.313  
 8.39908e-01 9.94211e-01 1.04225e+06  0.971  1.313  
 8.41115e-01 9.94320e-01 1.03279e+06  0.971  1.313  
 8.42314e-01 9.94427e-01 1.02342e+06  0.971  1.313  
 8.43506e-01 9.94533e-01 1.01414e+06  0.971  1.313  
 8.44689e-01 9.94636e-01 1.00494e+06  0.971  1.313  
 8.45865e-01 9.94738e-01 9.95820e+05  0.971  1.313  
 8.47033e-01 9.94838e-01 9.86786e+05  0.971  1.313  
 8.48194e-01 9.94936e-01 9.77834e+05  0.971  1.313  
 8.49347e-01 9.95032e-01 9.68963e+05  0.971  1.313  
 8.50493e-01 9.95127e-01 9.60172e+05  0.971  1.313  
 8.51631e-01 9.95220e-01 9.51462e+05  0.971  1.313  
 8.52761e-01 9.95311e-01 9.42830e+05  0.971  1.313  
 8.53884e-01 9.95401e-01 9.34278e+05  0.971  1.313  
 8.54999e-01 9.95489e-01 9.25802e+05  0.971  1.313  
 8.56108e-01 9.95576e-01 9.17404e+05  0.971  1.313  
 8.57208e-01 9.95661e-01 9.09082e+05  0.971  1.313  
 8.58301e-01 9.95745e-01 9.00836e+05  0.971  1.313  
 8.59387e-01 9.95827e-01 8.92665e+05  0.971  1.313  
 8.60466e-01 9.95907e-01 8.84568e+05  0.971  1.313  
 8.61537e-01 9.95986e-01 8.76545e+05  0.971  1.313  
 8.62601e-01 9.96064e-01 8.68595e+05  0.971  1.313  
 8.63658e-01 9.96141e-01 8.60718e+05  0.971  1.313  
 8.64707e-01 9.96215e-01 8.52912e+05  0.971  1.313  
 8.65749e-01 9.96289e-01 8.45177e+05  0.971  1.313  
 8.66785e-01 9.96361e-01 8.37512e+05  0.971  1.313  
 8.67813e-01 9.96432e-01 8.29918e+05  0.971  1.313  
 8.68834e-01 9.96502e-01 8.22392e+05  0.971  1.313  
 8.69848e-01 9.96570e-01 8.14935e+05  0.971  1.313  
 8.70854e-01 9.96638e-01 8.07546e+05  0.971  1.313  
 8.71854e-01 9.96703e-01 8.00225e+05  0.971  1.313  
 8.72847e-01 9.96768e-01 7.92970e+05  0.971  1.313  
 8.73833e-01 9.96832e-01 7.85781e+05  0.971  1.313  
 8.74812e-01 9.96894e-01 7.78658e+05  0.971  1.313  
 8.75785e-01 9.96955e-01 7.71600e+05  0.971  1.313  
 8.76750e-01 9.97015e-01 7.64606e+05  0.971  1.313  
 8.77709e-01 9.97074e-01 7.57676e+05  0.971  1.313  
 8.78660e-01 9.97132e-01 7.50809e+05  0.971  1.313  
 8.79605e-01 9.97189e-01 7.44005e+05  0.971  1.313  
 8.80544e-01 9.97245e-01 7.37263e+05  0.971  1.313  
 8.81475e-01 9.97299e-01 7.30583e+05  0.971  1.313  
 8.82400e-01 9.97353e-01 7.23963e+05  0.971  1.313  
 8.83319e-01 9.97406e-01 7.17404e+05  0.971  1.313  
 8.84231e-01 9.97457e-01 7.10905e+05  0.971  1.313  
 8.85136e-01 9.97508e-01 7.04465e+05  0.971  1.313  
 8.86035e-01 9.97558e-01 6.98084e+05  0.971  1.313  
 8.86927e-01 9.97607e-01 6.91761e+05  0.971  1.313  
 8.87813e-01 9.97654e-01 6.85496e+05  0.971  1.313  
 8.88692e-01 9.97701e-01 6.79288e+05  0.971  1.313  
 8.89565e-01 9.97748e-01 6.73137e+05  0.971  1.313  
 8.90432e-01 9.97793e-01 6.67041e+05  0.971  1.313  
 8.91292e-01 9.97837e-01 6.61002e+05  0.971  1.313  
 8.92146e-01 9.97881e-01 6.55017e+05  0.971  1.313  
 8.92994e-01 9.97923e-01 6.49088e+05  0.971  1.313  
 8.93836e-01 9.97965e-01 6.43212e+05  0.971  1.313  
 8.94671e-01 9.98006e-01 6.37390e+05  0.971  1.313  
 8.95500e-01 9.98047e-01 6.31621e+05  0.971  1.313  
 8.96323e-01 9.98086e-01 6.25905e+05  0.971  1.313  
 8.97140e-01 9.98125e-01 6.20241e+05  0.971  1.313  
 8.97951e-01 9.98163e-01 6.14628e+05  0.971  1.313  
 8.98756e-01 9.98200e-01 6.09067e+05  0.971  1.313  
 8.99555e-01 9.98237e-01 6.03557e+05  0.971  1.313  
 9.00348e-01 9.98272e-01 5.98097e+05  0.971  1.313  
 9.01135e-01 9.98308e-01 5.92687e+05  0.971  1.313  
 9.01917e-01 9.98342e-01 5.87327e+05  0.971  1.313  
 9.02692e-01 9.98376e-01 5.82015e+05  0.971  1.313  
 9.03461e-01 9.98409e-01 5.76752e+05  0.971  1.313  
 9.04225e-01 9.98441e-01 5.71537e+05  0.971  1.313  
 9.04983e-01 9.98473e-01 5.66369e+05  0.971  1.313  
 9.05735e-01 9.98505e-01 5.61249e+05  0.971  1.313  
 9.06482e-01 9.98535e-01 5.56175e+05  0.971  1.313  
 9.07223e-01 9.98565e-01 5.51148e+05  0.971  1.313  
 9.07958e-01 9.98595e-01 5.46167e+05  0.971  1.313  
 9.08688e-01 9.98624e-01 5.41231e+05  0.971  1.313  
 9.09412e-01 9.98652e-01 5.36341e+05  0.971  1.313  
 9.10131e-01 9.98680e-01 5.31495e+05  0.971  1.313  
 9.10844e-01 9.98707e-01 5.26694e+05  0.971  1.313  
 9.11551e-01 9.98733e-01 5.21936e+05  0.971  1.313  
 9.12254e-01 9.98760e-01 5.17222e+05  0.971  1.313  
 9.12951e-01 9.98785e-01 5.12551e+05  0.971  1.313  
 9.13642e-01 9.98810e-01 5.07922e+05  0.971  1.313  
 9.14328e-01 9.98835e-01 5.03336e+05  0.971  1.313  
 9.15009e-01 9.98859e-01 4.98793e+05  0.971  1.313  
 9.15685e-01 9.98883e-01 4.94290e+05  0.971  1.313  
 9.16355e-01 9.98906e-01 4.89829e+05  0.971  1.313  
 9.17020e-01 9.98928e-01 4.85409e+05  0.971  1.313  
 9.17680e-01 9.98951e-01 4.81029e+05  0.971  1.313  
 9.18335e-01 9.98973e-01 4.76689e+05  0.971  1.313  
 9.18985e-01 9.98994e-01 4.72389e+05  0.971  1.313  
 9.19630e-01 9.99015e-01 4.68129e+05  0.971  1.313  
 9.20269e-01 9.99035e-01 4.63907e+05  0.971  1.313  
 9.20904e-01 9.99056e-01 4.59724e+05  0.971  1.313  
 9.21534e-01 9.99075e-01 4.55580e+05  0.971  1.313  
 9.22159e-01 9.99095e-01 4.51473e+05  0.971  1.313  
 9.22779e-01 9.99113e-01 4.47404e+05  0.971  1.313  
 9.23394e-01 9.99132e-01 4.43373e+05  0.971  1.313  
 9.24004e-01 9.99150e-01 4.39378e+05  0.971  1.313  
 9.24609e-01 9.99168e-01 4.35420e+05  0.971  1.313  
 9.25210e-01 9.99185e-01 4.31499e+05  0.971  1.313  
 9.25805e-01 9.99202e-01 4.27613e+05  0.971  1.313  
 9.26397e-01 9.99219e-01 4.23763e+05  0.971  1.313  
 9.26983e-01 9.99236e-01 4.19949e+05  0.971  1.313  
 9.27565e-01 9.99252e-01 4.16169e+05  0.971  1.313  
 9.28142e-01 9.99267e-01 4.12424e+05  0.971  1.313  
 9.28714e-01 9.99283e-01 4.08714e+05  0.971  1.313  
 9.29283e-01 9.99298e-01 4.05037e+05  0.971  1.313  
 9.29846e-01 9.99313e-01 4.01395e+05  0.971  1.313  
 9.30405e-01 9.99327e-01 3.97786e+05  0.971  1.313  
 9.30959e-01 9.99341e-01 3.94210e+05  0.971  1.313  
 9.31509e-01 9.99355e-01 3.90667e+05  0.971  1.313  
 9.32055e-01 9.99369e-01 3.87157e+05  0.971  1.313  
 9.32596e-01 9.99382e-01 3.83679e+05  0.971  1.313  
 9.33133e-01 9.99395e-01 3.80232e+05  0.971  1.313  
 9.33666e-01 9.99408e-01 3.76818e+05  0.971  1.313  
 9.34194e-01 9.99421e-01 3.73435e+05  0.971  1.313  
 9.34718e-01 9.99433e-01 3.70083e+05  0.971  1.313  
 9.35238e-01 9.99445e-01 3.66762e+05  0.971  1.313  
 9.35754e-01 9.99457e-01 3.63471e+05  0.971  1.313  
 9.36265e-01 9.99468e-01 3.60211e+05  0.971  1.313  
 9.36772e-01 9.99480e-01 3.56980e+05  0.971  1.313  
 9.37276e-01 9.99491e-01 3.53780e+05  0.971  1.313  
 9.37775e-01 9.99502e-01 3.50609e+05  0.971  1.313  
 9.38270e-01 9.99512e-01 3.47468e+05  0.971  1.313  
 9.38761e-01 9.99523e-01 3.44355e+05  0.971  1.313  
 9.39248e-01 9.99533e-01 3.41271e+05  0.971  1.313  
 9.39731e-01 9.99543e-01 3.38216e+05  0.971  1.313  
 9.40210e-01 9.99552e-01 3.35189e+05  0.971  1.313  
 9.40685e-01 9.99562e-01 3.32190e+05  0.971  1.313  
 9.41157e-01 9.99571e-01 3.29219e+05  0.971  1.313  
 9.41624e-01 9.99581e-01 3.26275e+05  0.971  1.313  
 9.42088e-01 9.99590e-01 3.23358e+05  0.971  1.313  
 9.42548e-01 9.99598e-01 3.20468e+05  0.971  1.313  
 9.43004e-01 9.99607e-01 3.17605e+05  0.971  1.313  
 9.43456e-01 9.99615e-01 3.14769e+05  0.971  1.313  
 9.43905e-01 9.99624e-01 3.11958e+05  0.971  1.313  
 9.44350e-01 9.99632e-01 3.09174e+05  0.971  1.313  
 9.44791e-01 9.99640e-01 3.06415e+05  0.971  1.313  
 9.45229e-01 9.99647e-01 3.03682e+05  0.971  1.313  
 9.45663e-01 9.99655e-01 3.00974e+05  0.971  1.313  
 9.46093e-01 9.99662e-01 2.98291e+05  0.971  1.313  
 9.46520e-01 9.99670e-01 2.95632e+05  0.971  1.313  
 9.46943e-01 9.99677e-01 2.92999e+05  0.971  1.313  
 9.47363e-01 9.99684e-01 2.90389e+05  0.971  1.313  
 9.47780e-01 9.99690e-01 2.87803e+05  0.971  1.313  
 9.48193e-01 9.99697e-01 2.85241e+05  0.971  1.313  
 9.48602e-01 9.99704e-01 2.82702e+05  0.971  1.313  
 9.49008e-01 9.99710e-01 2.80187e+05  0.971  1.313  
 9.49411e-01 9.99716e-01 2.77694e+05  0.971  1.313  
 9.49810e-01 9.99722e-01 2.75226e+05  0.971  1.313  
 9.50206e-01 9.99728e-01 2.72780e+05  0.971  1.313  
 9.50599e-01 9.99734e-01 2.70357e+05  0.971  1.313  
 9.50989e-01 9.99740e-01 2.67956e+05  0.971  1.313  
 9.51375e-01 9.99746e-01 2.65579e+05  0.971  1.313  
 9.51758e-01 9.99751e-01 2.63224e+05  0.971  1.313  
 9.52138e-01 9.99757e-01 2.60891e+05  0.971  1.313  
 9.52515e-01 9.99762e-01 2.58580e+05  0.971  1.313  
 9.52888e-01 9.99767e-01 2.56291e+05  0.971  1.313  
 9.53259e-01 9.99772e-01 2.54023e+05  0.971  1.313  
 9.53626e-01 9.99777e-01 2.51777e+05  0.971  1.313  
 9.53990e-01 9.99782e-01 2.49552e+05  0.971  1.313  
 9.54351e-01 9.99787e-01 2.47348e+05  0.971  1.313  
 9.54709e-01 9.99791e-01 2.45164e+05  0.971  1.313  
 9.55065e-01 9.99796e-01 2.43002e+05  0.971  1.313  
 9.55417e-01 9.99800e-01 2.40859e+05  0.971  1.313  
 9.55766e-01 9.99804e-01 2.38737e+05  0.971  1.313  
 9.56112e-01 9.99809e-01 2.36634e+05  0.971  1.313  
 9.56456e-01 9.99813e-01 2.34552e+05  0.971  1.313  
 9.56796e-01 9.99817e-01 2.32489e+05  0.971  1.313  
 9.57134e-01 9.99821e-01 2.30445e+05  0.971  1.313  
 9.57469e-01 9.99825e-01 2.28421e+05  0.971  1.313  
 9.57801e-01 9.99829e-01 2.26416e+05  0.971  1.313  
 9.58130e-01 9.99832e-01 2.24430e+05  0.971  1.313  
 9.58457e-01 9.99836e-01 2.22462e+05  0.971  1.313  
 9.58780e-01 9.99840e-01 2.20514e+05  0.971  1.313  
 9.59101e-01 9.99843e-01 2.18584e+05  0.971  1.313  
 9.59419e-01 9.99847e-01 2.16672e+05  0.971  1.313  
 9.59735e-01 9.99850e-01 2.14778e+05  0.971  1.313  
 9.60048e-01 9.99853e-01 2.12903e+05  0.971  1.313  
 9.60358e-01 9.99856e-01 2.11045e+05  0.971  1.313  
 9.60666e-01 9.99860e-01 2.09205e+05  0.971  1.313  
 9.60971e-01 9.99863e-01 2.07383e+05  0.971  1.313  
 9.61274e-01 9.99866e-01 2.05578e+05  0.971  1.313  
 9.61574e-01 9.99869e-01 2.03790e+05  0.971  1.313  
 9.61871e-01 9.99871e-01 2.02020e+05  0.971  1.313  
 9.62166e-01 9.99874e-01 2.00267e+05  0.971  1.313  
 9.62458e-01 9.99877e-01 1.98530e+05  0.971  1.313  
 9.62748e-01 9.99880e-01 1.96811e+05  0.971  1.313  
 9.63036e-01 9.99882e-01 1.95108e+05  0.971  1.313  
 9.63321e-01 9.99885e-01 1.93421e+05  0.971  1.313  
 9.63604e-01 9.99887e-01 1.91751e+05  0.971  1.313  
 9.63884e-01 9.99890e-01 1.90097e+05  0.971  1.313  
 9.64162e-01 9.99892e-01 1.88459e+05  0.971  1.313  
 9.64438e-01 9.99895e-01 1.86837e+05  0.971  1.313  
 9.64711e-01 9.99897e-01 1.85230e+05  0.971  1.313  
 9.64982e-01 9.99899e-01 1.83640e+05  0.971  1.313  
 9.65251e-01 9.99901e-01 1.82065e+05  0.971  1.313  
 9.65517e-01 9.99904e-01 1.80505e+05  0.971  1.313  
 9.65781e-01 9.99906e-01 1.78961e+05  0.971  1.313  
 9.66043e-01 9.99908e-01 1.77431e+05  0.971  1.313  
 9.66303e-01 9.99910e-01 1.75917e+05  0.971  1.313  
 9.66560e-01 9.99912e-01 1.74418e+05  0.971  1.313  
 9.66816e-01 9.99914e-01 1.72934e+05  0.971  1.313  
 9.67069e-01 9.99916e-01 1.71464e+05  0.971  1.313  
 9.67320e-01 9.99918e-01 1.70008e+05  0.971  1.313  
 9.67569e-01 9.99919e-01 1.68568e+05  0.971  1.313  
 9.67816e-01 9.99921e-01 1.67141e+05  0.971  1.313  
 9.68061e-01 9.99923e-01 1.65729e+05  0.971  1.313  
 9.68304e-01 9.99925e-01 1.64330e+05  0.971  1.313  
 9.68545e-01 9.99926e-01 1.62946e+05  0.971  1.313  
 9.68783e-01 9.99928e-01 1.61575e+05  0.971  1.313  
 9.69020e-01 9.99929e-01 1.60218e+05  0.971  1.313  
 9.69255e-01 9.99931e-01 1.58875e+05  0.971  1.313  
 9.69487e-01 9.99933e-01 1.57544e+05  0.971  1.313  
 9.69718e-01 9.99934e-01 1.56228e+05  0.971  1.313  
 9.69947e-01 9.99935e-01 1.54924e+05  0.971  1.313  
 9.70174e-01 9.99937e-01 1.53634e+05  0.971  1.313  
 9.70399e-01 9.99938e-01 1.52356e+05  0.971  1.313  
 9.70623e-01 9.99940e-01 1.51091e+05  0.971  1.313  
 9.70844e-01 9.99941e-01 1.49839e+05  0.971  1.313  
 9.71063e-01 9.99942e-01 1.48599e+05  0.971  1.313  
 9.71281e-01 9.99944e-01 1.47372e+05  0.971  1.313  
 9.71497e-01 9.99945e-01 1.46157e+05  0.971  1.313  
 9.71711e-01 9.99946e-01 1.44954e+05  0.971  1.313  
 9.71923e-01 9.99947e-01 1.43763e+05  0.971  1.313  
 9.72134e-01 9.99948e-01 1.42585e+05  0.971  1.313  
 9.72343e-01 9.99950e-01 1.41417e+05  0.971  1.313  
 9.72550e-01 9.99951e-01 1.40262e+05  0.971  1.313  
 9.72755e-01 9.99952e-01 1.39118e+05  0.971  1.313  
 9.72959e-01 9.99953e-01 1.37986e+05  0.971  1.313  
 9.73161e-01 9.99954e-01 1.36865e+05  0.971  1.313  
 9.73361e-01 9.99955e-01 1.35755e+05  0.971  1.313  
 9.73560e-01 9.99956e-01 1.34656e+05  0.971  1.313  
 9.73757e-01 9.99957e-01 1.33568e+05  0.971  1.313  
 9.73952e-01 9.99958e-01 1.32490e+05  0.971  1.313  
 9.74146e-01 9.99959e-01 1.31423e+05  0.971  1.313  
 9.74338e-01 9.99960e-01 1.30367e+05  0.971  1.313  
 9.74529e-01 9.99961e-01 1.29321e+05  0.971  1.313  
 9.74718e-01 9.99961e-01 1.28285e+05  0.971  1.313  
 9.74905e-01 9.99962e-01 1.27259e+05  0.971  1.313  
 9.75091e-01 9.99963e-01 1.26243e+05  0.971  1.313  
 9.75276e-01 9.99964e-01 1.25237e+05  0.971  1.313  
 9.75459e-01 9.99965e-01 1.24240e+05  0.971  1.313  
 9.75640e-01 9.99966e-01 1.23253e+05  0.971  1.313  
 9.75820e-01 9.99966e-01 1.22276e+05  0.971  1.313  
 9.75999e-01 9.99967e-01 1.21308e+05  0.971  1.313  
 9.76176e-01 9.99968e-01 1.20348e+05  0.971  1.313  
 9.76351e-01 9.99969e-01 1.19398e+05  0.971  1.313  
 9.76526e-01 9.99969e-01 1.18457e+05  0.971  1.313  
 9.76698e-01 9.99970e-01 1.17524e+05  0.971  1.313  
 9.76870e-01 9.99971e-01 1.16600e+05  0.971  1.313  
 9.77040e-01 9.99971e-01 1.15684e+05  0.971  1.313  
 9.77208e-01 9.99972e-01 1.14777e+05  0.971  1.313  
 9.77375e-01 9.99973e-01 1.13877e+05  0.971  1.313  
 9.77541e-01 9.99973e-01 1.12986e+05  0.971  1.313  
 9.77706e-01 9.99974e-01 1.12102e+05  0.971  1.313  
 9.77869e-01 9.99974e-01 1.11227e+05  0.971  1.313  
 9.78031e-01 9.99975e-01 1.10359e+05  0.971  1.313  
 9.78192e-01 9.99975e-01 1.09498e+05  0.971  1.313  
 9.78351e-01 9.99976e-01 1.08645e+05  0.971  1.313  
 9.78509e-01 9.99977e-01 1.07799e+05  0.971  1.313  
 9.78666e-01 9.99977e-01 1.06960e+05  0.971  1.313  
 9.78821e-01 9.99978e-01 1.06128e+05  0.971  1.313  
 9.78975e-01 9.99978e-01 1.05303e+05  0.971  1.313  
 9.79128e-01 9.99979e-01 1.04485e+05  0.971  1.313  
 9.79280e-01 9.99979e-01 1.03673e+05  0.971  1.313  
 9.79431e-01 9.99979e-01 1.02868e+05  0.971  1.313  
 9.79580e-01 9.99980e-01 1.02069e+05  0.971  1.313  
 9.79728e-01 9.99980e-01 1.01276e+05  0.971  1.313  
 9.79875e-01 9.99981e-01 1.00490e+05  0.971  1.313  
 9.80021e-01 9.99981e-01 9.97099e+04  0.971  1.313  
 9.80165e-01 9.99982e-01 9.89356e+04  0.971  1.313  
 9.80309e-01 9.99982e-01 9.81673e+04  0.971  1.313  
 9.80451e-01 9.99982e-01 9.74046e+04  0.971  1.313  
 9.80592e-01 9.99983e-01 9.66477e+04  0.971  1.313  
 9.80732e-01 9.99983e-01 9.58964e+04  0.971  1.313  
 9.80871e-01 9.99984e-01 9.51507e+04  0.971  1.313  
 9.81008e-01 9.99984e-01 9.44104e+04  0.971  1.313  
 9.81145e-01 9.99984e-01 9.36754e+04  0.971  1.313  
 9.81280e-01 9.99985e-01 9.29457e+04  0.971  1.313  
 9.81415e-01 9.99985e-01 9.22213e+04  0.971  1.313  
 9.81548e-01 9.99985e-01 9.15020e+04  0.971  1.313  
 9.81680e-01 9.99986e-01 9.07877e+04  0.971  1.313  
 9.81811e-01 9.99986e-01 9.00785e+04  0.971  1.313  
 9.81941e-01 9.99986e-01 8.93743e+04  0.971  1.313  
 9.82070e-01 9.99987e-01 8.86750e+04  0.971  1.313  
 9.82198e-01 9.99987e-01 8.79806e+04  0.971  1.313  
 9.82325e-01 9.99987e-01 8.72910e+04  0.971  1.313  
 9.82451e-01 9.99988e-01 8.66062e+04  0.971  1.313  
 9.82576e-01 9.99988e-01 8.59261e+04  0.971  1.313  
 9.82700e-01 9.99988e-01 8.52508e+04  0.971  1.313  
 9.82822e-01 9.99988e-01 8.45803e+04  0.971  1.313  
 9.82944e-01 9.99989e-01 8.39144e+04  0.971  1.313  
 9.83065e-01 9.99989e-01 8.32532e+04  0.971  1.313  
 9.83185e-01 9.99989e-01 8.25967e+04  0.971  1.313  
 9.83303e-01 9.99989e-01 8.19448e+04  0.971  1.313  
 9.83421e-01 9.99990e-01 8.12976e+04  0.971  1.313  
 9.83538e-01 9.99990e-01 8.06551e+04  0.971  1.313  
 9.83654e-01 9.99990e-01 8.00171e+04  0.971  1.313  
 9.83769e-01 9.99990e-01 7.93838e+04  0.971  1.313  
 9.83883e-01 9.99991e-01 7.87551e+04  0.971  1.313  
 9.83996e-01 9.99991e-01 7.81310e+04  0.971  1.313  
 9.84108e-01 9.99991e-01 7.75115e+04  0.971  1.313  
 9.84219e-01 9.99991e-01 7.68967e+04  0.971  1.313  
 9.84329e-01 9.99991e-01 7.62865e+04  0.971  1.313  
 9.84438e-01 9.99992e-01 7.56810e+04  0.971  1.313  
 9.84546e-01 9.99992e-01 7.50801e+04  0.971  1.313  
 9.84654e-01 9.99992e-01 7.44839e+04  0.971  1.313  
 9.84761e-01 9.99992e-01 7.38925e+04  0.971  1.313  
 9.84866e-01 9.99992e-01 7.33057e+04  0.971  1.313  
 9.84971e-01 9.99992e-01 7.27236e+04  0.971  1.313  
 9.85075e-01 9.99993e-01 7.21463e+04  0.971  1.313  
 9.85178e-01 9.99993e-01 7.15738e+04  0.971  1.313  
 9.85280e-01 9.99993e-01 7.10060e+04  0.971  1.313  
 9.85381e-01 9.99993e-01 7.04430e+04  0.971  1.313  
 9.85482e-01 9.99993e-01 6.98848e+04  0.971  1.313  
 9.85581e-01 9.99993e-01 6.93314e+04  0.971  1.313  
 9.85680e-01 9.99994e-01 6.87828e+04  0.971  1.313  
 9.85778e-01 9.99994e-01 6.82390e+04  0.971  1.313  
 9.85875e-01 9.99994e-01 6.77000e+04  0.971  1.313  
 9.85971e-01 9.99994e-01 6.71659e+04  0.971  1.313  
 9.86067e-01 9.99994e-01 6.66366e+04  0.971  1.313  
 9.86162e-01 9.99994e-01 6.61122e+04  0.971  1.313  
 9.86255e-01 9.99994e-01 6.55926e+04  0.971  1.313  
 9.86348e-01 9.99994e-01 6.50778e+04  0.971  1.313  
 9.86441e-01 9.99995e-01 6.45680e+04  0.971  1.313  
 9.86532e-01 9.99995e-01 6.40630e+04  0.971  1.313  
 9.86623e-01 9.99995e-01 6.35628e+04  0.971  1.313  
 9.86713e-01 9.99995e-01 6.30675e+04  0.971  1.313  
 9.86802e-01 9.99995e-01 6.25770e+04  0.971  1.313  
 9.86891e-01 9.99995e-01 6.20914e+04  0.971  1.313  
 9.86979e-01 9.99995e-01 6.16107e+04  0.971  1.313  
 9.87066e-01 9.99995e-01 6.11347e+04  0.971  1.313  
 9.87152e-01 9.99996e-01 6.06636e+04  0.971  1.313  
 9.87238e-01 9.99996e-01 6.01973e+04  0.971  1.313  
 9.87322e-01 9.99996e-01 5.97357e+04  0.971  1.313  
 9.87407e-01 9.99996e-01 5.92790e+04  0.971  1.313  
 9.87490e-01 9.99996e-01 5.88270e+04  0.971  1.313  
 9.87573e-01 9.99996e-01 5.83797e+04  0.971  1.313  
 9.87655e-01 9.99996e-01 5.79372e+04  0.971  1.313  
 9.87737e-01 9.99996e-01 5.74993e+04  0.971  1.313  
 9.87817e-01 9.99996e-01 5.70662e+04  0.971  1.313  
 9.87897e-01 9.99996e-01 5.66377e+04  0.971  1.313  
 9.87977e-01 9.99996e-01 5.62138e+04  0.971  1.313  
 9.88056e-01 9.99997e-01 5.57946e+04  0.971  1.313  
 9.88134e-01 9.99997e-01 5.53799e+04  0.971  1.313  
 9.88211e-01 9.99997e-01 5.49698e+04  0.971  1.313  
 9.88288e-01 9.99997e-01 5.45643e+04  0.971  1.313  
 9.88364e-01 9.99997e-01 5.41632e+04  0.971  1.313  
 9.88440e-01 9.99997e-01 5.37666e+04  0.971  1.313  
 9.88515e-01 9.99997e-01 5.33745e+04  0.971  1.313  
 9.88590e-01 9.99997e-01 5.29867e+04  0.971  1.313  
 9.88664e-01 9.99997e-01 5.26033e+04  0.971  1.313  
 9.88737e-01 9.99997e-01 5.22243e+04  0.971  1.313  
 9.88809e-01 9.99997e-01 5.18495e+04  0.971  1.313  
 9.88881e-01 9.99997e-01 5.14790e+04  0.971  1.313  
 9.88953e-01 9.99997e-01 5.11127e+04  0.971  1.313  
 9.89024e-01 9.99997e-01 5.07506e+04  0.971  1.313  
 9.89094e-01 9.99997e-01 5.03926e+04  0.971  1.313  
 9.89164e-01 9.99998e-01 5.00387e+04  0.971  1.313  
 9.89233e-01 9.99998e-01 4.96889e+04  0.971  1.313  
 9.89302e-01 9.99998e-01 4.93431e+04  0.971  1.313  
 9.89370e-01 9.99998e-01 4.90013e+04  0.971  1.313  
 9.89438e-01 9.99998e-01 4.86635e+04  0.971  1.313  
 9.89505e-01 9.99998e-01 4.83295e+04  0.971  1.313  
 9.89572e-01 9.99998e-01 4.79994e+04  0.971  1.313  
 9.89638e-01 9.99998e-01 4.76732e+04  0.971  1.313  
 9.89703e-01 9.99998e-01 4.73506e+04  0.971  1.313  
 9.89769e-01 9.99998e-01 4.70319e+04  0.971  1.313  
 9.89833e-01 9.99998e-01 4.67167e+04  0.971  1.313  
 9.89897e-01 9.99998e-01 4.64052e+04  0.971  1.313  
 9.89961e-01 9.99998e-01 4.60973e+04  0.971  1.313  
 9.90024e-01 9.99998e-01 4.57929e+04  0.971  1.313  
 9.90087e-01 9.99998e-01 4.54920e+04  0.971  1.313  
 9.90149e-01 9.99998e-01 4.51946e+04  0.971  1.313  
 9.90211e-01 9.99998e-01 4.49005e+04  0.971  1.313  
 9.90272e-01 9.99998e-01 4.46098e+04  0.971  1.313  
 9.90333e-01 9.99998e-01 4.43223e+04  0.971  1.313  
 9.90393e-01 9.99998e-01 4.40382e+04  0.971  1.313  
 9.90453e-01 9.99998e-01 4.37572e+04  0.971  1.313  
 9.90513e-01 9.99998e-01 4.34794e+04  0.971  1.313  
 9.90572e-01 9.99999e-01 4.32048e+04  0.971  1.313  
 9.90630e-01 9.99999e-01 4.29332e+04  0.971  1.313  
 9.90688e-01 9.99999e-01 4.26647e+04  0.971  1.313  
 9.90746e-01 9.99999e-01 4.23992e+04  0.971  1.313  
 9.90804e-01 9.99999e-01 4.21366e+04  0.971  1.313  
 9.90861e-01 9.99999e-01 4.18769e+04  0.971  1.313  
 9.90917e-01 9.99999e-01 4.16201e+04  0.971  1.313  
 9.90973e-01 9.99999e-01 4.13660e+04  0.971  1.313  
 9.91029e-01 9.99999e-01 4.11148e+04  0.971  1.313  
 9.91084e-01 9.99999e-01 4.08662e+04  0.971  1.313  
 9.91139e-01 9.99999e-01 4.06203e+04  0.971  1.313  
 9.91194e-01 9.99999e-01 4.03770e+04  0.971  1.313  
 9.91248e-01 9.99999e-01 4.01363e+04  0.971  1.313  
 9.91302e-01 9.99999e-01 3.98982e+04  0.971  1.313  
 9.91355e-01 9.99999e-01 3.96626e+04  0.971  1.313  
 9.91408e-01 9.99999e-01 3.94294e+04  0.971  1.313  
 9.91461e-01 9.99999e-01 3.91987e+04  0.971  1.313  
 9.91514e-01 9.99999e-01 3.89704e+04  0.971  1.313  
 9.91565e-01 9.99999e-01 3.87444e+04  0.971  1.313  
 9.91617e-01 9.99999e-01 3.85208e+04  0.971  1.313  
 9.91668e-01 9.99999e-01 3.82995e+04  0.971  1.313  
 9.91719e-01 9.99999e-01 3.80804e+04  0.971  1.313  
 9.91770e-01 9.99999e-01 3.78635e+04  0.971  1.313  
 9.91820e-01 9.99999e-01 3.76488e+04  0.971  1.313  
 9.91870e-01 9.99999e-01 3.74363e+04  0.971  1.313  
 9.91919e-01 9.99999e-01 3.72259e+04  0.971  1.313  
 9.91969e-01 9.99999e-01 3.70175e+04  0.971  1.313  
 9.92018e-01 9.99999e-01 3.68112e+04  0.971  1.313  
 9.92066e-01 9.99999e-01 3.66068e+04  0.971  1.313  
 9.92115e-01 9.99999e-01 3.64045e+04  0.971  1.313  
 9.92162e-01 9.99999e-01 3.62041e+04  0.971  1.313  
 9.92210e-01 9.99999e-01 3.60056e+04  0.971  1.313  
 9.92257e-01 9.99999e-01 3.58090e+04  0.971  1.313  
 9.92304e-01 9.99999e-01 3.56143e+04  0.971  1.313  
 9.92351e-01 9.99999e-01 3.54214e+04  0.971  1.313  
 9.92398e-01 9.99999e-01 3.52303e+04  0.971  1.313  
 9.92444e-01 9.99999e-01 3.50411e+04  0.971  1.313  
 9.92489e-01 9.99999e-01 3.48535e+04  0.971  1.313  
 9.92535e-01 9.99999e-01 3.46678e+04  0.971  1.313  
 9.92580e-01 9.99999e-01 3.44837e+04  0.971  1.313  
 9.92625e-01 9.99999e-01 3.43014e+04  0.971  1.313  
 9.92670e-01 9.99999e-01 3.41207e+04  0.971  1.313  
 9.92714e-01 9.99999e-01 3.39417e+04  0.971  1.313  
 9.92758e-01 9.99999e-01 3.37642e+04  0.971  1.313  
 9.92802e-01 9.99999e-01 3.35884e+04  0.971  1.313  
 9.92845e-01 9.99999e-01 3.34142e+04  0.971  1.313  
 9.92888e-01 9.99999e-01 3.32415e+04  0.971  1.313  
 9.92931e-01 9.99999e-01 3.30703e+04  0.971  1.313  
 9.93017e-01 1.00000e+00 3.27326e+04  0.971  1.313  
 9.93101e-01 1.00000e+00 3.24008e+04  0.971  1.313  
 9.93184e-01 1.00000e+00 3.20749e+04  0.971  1.313  
 9.93266e-01 1.00000e+00 3.17546e+04  0.971  1.313  
 9.93347e-01 1.00000e+00 3.14399e+04  0.971  1.313  
 9.93427e-01 1.00000e+00 3.11306e+04  0.971  1.313  
 9.93506e-01 1.00000e+00 3.08267e+04  0.971  1.313  
 9.93584e-01 1.00000e+00 3.05279e+04  0.971  1.313  
 9.93661e-01 1.00000e+00 3.02342e+04  0.971  1.313  
 9.93737e-01 1.00000e+00 2.99455e+04  0.971  1.313  
 9.93812e-01 1.00000e+00 2.96617e+04  0.971  1.313  
 9.93887e-01 1.00000e+00 2.93827e+04  0.971  1.313  
 9.93960e-01 1.00000e+00 2.91084e+04  0.971  1.313  
 9.94033e-01 1.00000e+00 2.88388e+04  0.971  1.313  
 9.94105e-01 1.00000e+00 2.85736e+04  0.971  1.313  
 9.94211e-01 1.00000e+00 2.81841e+04  0.971  1.313  
 9.94315e-01 1.00000e+00 2.78044e+04  0.971  1.313  
 9.94418e-01 1.00000e+00 2.74340e+04  0.971  1.313  
 9.94519e-01 1.00000e+00 2.70728e+04  0.971  1.313  
 9.94618e-01 1.00000e+00 2.67204e+04  0.971  1.313  
 9.94715e-01 1.00000e+00 2.63766e+04  0.971  1.313  
 9.94843e-01 1.00000e+00 2.59311e+04  0.971  1.313  
 9.94968e-01 1.00000e+00 2.54997e+04  0.971  1.313  
 9.95090e-01 1.00000e+00 2.50819e+04  0.971  1.313  
 9.95239e-01 1.00000e+00 2.45779e+04  0.971  1.313  
 9.95384e-01 1.00000e+00 2.40929e+04  0.971  1.313  
 9.95553e-01 1.00000e+00 2.35347e+04  0.971  1.313  
 9.95744e-01 1.00000e+00 2.29141e+04  0.971  1.313  
 9.95954e-01 1.00000e+00 2.22421e+04  0.971  1.313  
 9.96181e-01 1.00000e+00 2.15293e+04  0.971  1.313  
 9.96468e-01 1.00000e+00 2.06431e+04  0.971  1.313  
 9.96825e-01 1.00000e+00 1.95609e+04  0.971  1.313  
 9.97367e-01 1.00000e+00 1.79479e+04  0.971  1.313  
 9.97559e-01 1.00000e+00 1.73878e+04  0.971  1.313  
