  n   l   vn0     vn1    5vn2     r01     r01w      r10       r10w     mr01    11mr10   br01     br10      r02     15r02w    sr02     sr02w    r02th    19r13    r13w     r13th    sr02th   nu3     delf0     df1     df2     df3
   8 168 1262.72 1328.76 1393.48   0.3630   0.0002   0.1159   0.0001   0.3631   0.1159   0.3631   0.1159   0.0103   0.0003   0.0004   0.0003   0.0101   0.0184   0.0000   0.0172   0.0010 1451.02     0.59     0.88     2.00     1.25
   9 168 1406.40 1471.83 1534.76   0.0404   0.0006   0.0382   0.0004   0.0401   0.0383   0.0401   0.0383   0.0832   0.0006   0.0165   0.0009   0.0899   0.1524   0.0005   0.1542   0.0175 1591.55     1.08     1.02     1.10     1.58
  10 168 1547.29 1611.17 1673.06   0.0370   0.0003   0.0367   0.0003   0.0385   0.0391   0.0385   0.0391   0.0885   0.0003   0.0185   0.0006   0.0890   0.1514   0.0004   0.1522   0.0144 1729.09     1.04     1.56     1.48     1.46
  11 168 1685.32 1747.93 1808.58   0.0379   0.0003   0.0380   0.0002   0.0393   0.0378   0.0393   0.0378   0.0870   0.0003   0.0122   0.0005   0.0888   0.1479   0.0004   0.1484   0.0143 1865.29     1.25     1.35     1.74     1.86
  12 168 1820.58 1883.48 1944.28   0.0365   0.0002   0.0349   0.0002   0.0362   0.0356   0.0362   0.0356   0.0875   0.0002   0.0161   0.0004   0.0887   0.1458   0.0003   0.1479   0.0155 2001.26     1.60     1.61     1.54     1.88
  13 168 1956.02 2019.03 2080.19   0.0340   0.0002   0.0341   0.0002   0.0354   0.0353   0.0354   0.0353   0.0860   0.0002   0.0154   0.0004   0.0867   0.1441   0.0003   0.1450   0.0137 2137.77     1.43     1.79     1.91     1.84
  14 168 2091.75 2155.14 2215.78   0.0338   0.0002   0.0327   0.0001   0.0339   0.0319   0.0339   0.0319   0.0839   0.0002   0.0178   0.0004   0.0852   0.1400   0.0003   0.1411   0.0201 2273.52     1.77     1.67     1.90     2.18
  15 168 2226.89 2290.05 2350.54   0.0312   0.0001   0.0295   0.0001   0.0311   0.0307   0.0311   0.0307   0.0821   0.0002   0.0220   0.0003   0.0822   0.1368   0.0003   0.1386   0.0197 2407.65     1.90     1.97     1.74     1.71
  16 168 2361.26 2424.01 2484.34   0.0294   0.0001   0.0294   0.0001   0.0306   0.0296   0.0306   0.0296   0.0787   0.0002   0.0185   0.0003   0.0797   0.1344   0.0003   0.1349   0.0182 2541.71     1.57     1.59     1.56     1.37
  17 168 2494.74 2558.11 2618.83   0.0287   0.0001   0.0275   0.0001   0.0282   0.0273   0.0282   0.0273   0.0774   0.0002   0.0186   0.0003   0.0779   0.1310   0.0003   0.1325   0.0197 2676.23     1.48     1.10     0.88     0.93
  18 168 2628.91 2692.72 2754.16   0.0264   0.0001   0.0258   0.0001   0.0269   0.0269   0.0269   0.0269   0.0748   0.0002   0.0192   0.0003   0.0751   0.1280   0.0002   0.1294   0.0176 2811.46     0.79     0.69     0.38     0.13
  19 168 2764.00 2828.31 2889.87   0.0255   0.0001   0.0251   0.0001   0.0261   0.0248   0.0261   0.0248   0.0719   0.0002   0.0193   0.0003   0.0729   0.1244   0.0002   0.1252   0.0202 2947.07     0.21    -0.08    -0.22    -0.43
  20 168 2899.39 2964.09 3026.00   0.0242   0.0001   0.0230   0.0001   0.0239   0.0235   0.0239   0.0235   0.0700   0.0002   0.0211   0.0003   0.0703   0.1207   0.0002   0.1222   0.0206 3082.43    -0.30    -0.71    -1.18    -1.39
  21 168 3035.19 3099.91 3162.02   0.0225   0.0001   0.0222   0.0001   0.0234   0.0229   0.0234   0.0229   0.0668   0.0002   0.0200   0.0003   0.0676   0.1172   0.0002   0.1184   0.0192 3217.90    -1.37    -1.67    -2.06    -2.50
  22 168 3170.93 3236.08 3298.40   0.0219   0.0001   0.0212   0.0001   0.0219   0.0210   0.0219   0.0210   0.0647   0.0002   0.0190   0.0004   0.0656   0.1135   0.0002   0.1152   0.0208 3353.68    -2.25    -2.86    -3.21    -3.43
  23 168 3306.99 3372.41 3435.25   0.0203   0.0002   0.0198   0.0002   0.0207   0.0207   0.0207   0.0207   0.0623   0.0002   0.0205   0.0004   0.0632   0.1103   0.0003   0.1122   0.0188 3489.70    -3.40    -3.79    -4.38    -4.74
  24 168 3443.60 3509.30 3572.34   0.0197   0.0002   0.0194   0.0002   0.0203   0.0196   0.0203   0.0196   0.0607   0.0003   0.0184   0.0006   0.0611   0.1077   0.0005   0.1085   0.0194 3626.28    -4.51    -4.99    -5.31    -5.72
  25 168 3580.43 3646.50 3709.88   0.0189   0.0003   0.0184   0.0003   0.0189   0.0186   0.0189   0.0186   0.0579   0.0004   0.0183   0.0008   0.0591   0.1041   0.0007   0.1056   0.0196 3762.99    -5.53    -6.04    -6.34    -6.78
  26 168 3717.70 3783.83 3847.50   0.0181   0.0004   0.0178   0.0004   0.0186   0.0184   0.0186   0.0184   0.0555   0.0006   0.0184   0.0010   0.0570   0.1016   0.0011   0.1024   0.0179 3900.63    -6.61    -6.99    -7.42    -7.23
  27 168 3855.10 3921.53 3985.32   0.0179   0.0005   0.0181   0.0006   0.0178   0.0172   0.0178   0.0172   0.0543   0.0009   0.0153   0.0014   0.0554   0.0934   0.0019   0.0993   0.0191 4058.16    -7.61    -8.14    -8.12    12.23
  28 168 3992.68 4059.22 4123.33   0.0198   0.0008   0.0253   0.0014   0.0170   0.0170   0.0170   0.0170   0.0525   0.0012  -0.0037   0.0017   0.0535  -0.0558   0.0196   0.0965   0.0177 4216.58    -8.30    -8.71    -6.18    32.37
  29 168 4130.48 4197.10 4261.29   0.0320   0.0020   0.0353   0.0037   0.0168   0.0163   0.0168   0.0163   0.0458   0.0025  -0.0264   0.0031   0.0519  -0.2128   0.0116   0.0935   0.0176 4323.96    -6.95    -9.66    -6.32     1.45
  30 168 4268.23 4335.06 4399.44  -3.9459   0.0286 -11.6929   0.0356   0.0158   0.0156   0.0158   0.0156   0.0495   0.0068  31.3580   0.0952   0.0504   0.0256   0.0033   0.0910   0.0177    0.00    -6.41    -7.52 -4399.44 -4460.81
