  n   l   vn0     vn1    5vn2     r01     r01w      r10       r10w     mr01    11mr10   br01     br10      r02     15r02w    sr02     sr02w    r02th    19r13    r13w     r13th    sr02th   nu3     delf0     df1     df2     df3
   8 176 1262.97 1329.20 1394.17   0.3630   0.0002   0.1159   0.0001   0.0390   0.0409   0.0390   0.0409   0.0103   0.0003   0.0004   0.0003   0.0874   0.0184   0.0000   0.1584   0.0088 1451.02     0.34     0.44     1.31     0.55
   9 176 1406.97 1472.34 1535.44   0.0404   0.0006   0.0382   0.0004   0.0404   0.0386   0.0404   0.0386   0.0832   0.0006   0.0165   0.0009   0.0889   0.1524   0.0005   0.1527   0.0158 1591.55     0.51     0.51     0.42     0.61
  10 176 1547.90 1612.01 1673.98   0.0370   0.0003   0.0367   0.0003   0.0382   0.0383   0.0382   0.0383   0.0885   0.0003   0.0185   0.0006   0.0884   0.1514   0.0004   0.1509   0.0154 1729.09     0.43     0.72     0.56     0.47
  11 176 1686.09 1748.76 1809.65   0.0379   0.0003   0.0380   0.0002   0.0388   0.0379   0.0388   0.0379   0.0870   0.0003   0.0122   0.0005   0.0876   0.1479   0.0004   0.1473   0.0130 1865.29     0.48     0.52     0.67     0.65
  12 176 1821.53 1884.47 1945.31   0.0365   0.0002   0.0349   0.0002   0.0362   0.0351   0.0362   0.0351   0.0875   0.0002   0.0161   0.0004   0.0877   0.1458   0.0003   0.1462   0.0155 2001.26     0.65     0.62     0.51     0.66
  13 176 1956.91 2020.11 2081.44   0.0340   0.0002   0.0341   0.0002   0.0347   0.0347   0.0347   0.0347   0.0860   0.0002   0.0154   0.0004   0.0857   0.1441   0.0003   0.1439   0.0137 2137.77     0.54     0.71     0.66     0.50
  14 176 2092.85 2156.28 2217.10   0.0338   0.0002   0.0327   0.0001   0.0336   0.0317   0.0336   0.0317   0.0839   0.0002   0.0178   0.0004   0.0839   0.1400   0.0003   0.1396   0.0192 2273.52     0.67     0.53     0.58     0.60
  15 176 2228.09 2291.46 2352.03   0.0312   0.0001   0.0295   0.0001   0.0305   0.0297   0.0305   0.0297   0.0821   0.0002   0.0220   0.0003   0.0813   0.1368   0.0003   0.1372   0.0208 2407.65     0.70     0.56     0.26     0.13
  16 176 2362.57 2425.43 2485.94   0.0294   0.0001   0.0294   0.0001   0.0299   0.0293   0.0299   0.0293   0.0787   0.0002   0.0185   0.0003   0.0784   0.1344   0.0003   0.1337   0.0176 2541.71     0.26     0.17    -0.04    -0.32
  17 176 2496.19 2559.58 2620.32   0.0287   0.0001   0.0275   0.0001   0.0280   0.0267   0.0280   0.0267   0.0774   0.0002   0.0186   0.0003   0.0768   0.1310   0.0003   0.1308   0.0198 2676.23     0.03    -0.37    -0.61    -0.73
  18 176 2630.25 2694.22 2755.77   0.0264   0.0001   0.0258   0.0001   0.0260   0.0261   0.0260   0.0261   0.0748   0.0002   0.0192   0.0003   0.0741   0.1280   0.0002   0.1282   0.0179 2811.46    -0.55    -0.81    -1.23    -1.51
  19 176 2765.45 2829.75 2891.51   0.0255   0.0001   0.0251   0.0001   0.0259   0.0249   0.0259   0.0249   0.0719   0.0002   0.0193   0.0003   0.0716   0.1244   0.0002   0.1238   0.0187 2947.07    -1.24    -1.52    -1.86    -2.26
  20 176 2900.91 2965.73 3027.69   0.0242   0.0001   0.0230   0.0001   0.0237   0.0228   0.0237   0.0228   0.0700   0.0002   0.0211   0.0003   0.0693   0.1207   0.0002   0.1206   0.0211 3082.43    -1.82    -2.35    -2.87    -3.19
  21 176 3036.73 3101.54 3163.89   0.0225   0.0001   0.0222   0.0001   0.0229   0.0229   0.0229   0.0229   0.0668   0.0002   0.0200   0.0003   0.0666   0.1172   0.0002   0.1172   0.0181 3217.90    -2.91    -3.30    -3.93    -4.40
  22 176 3172.67 3237.76 3300.18   0.0219   0.0001   0.0212   0.0001   0.0223   0.0212   0.0223   0.0212   0.0647   0.0002   0.0190   0.0004   0.0646   0.1135   0.0002   0.1135   0.0195 3353.68    -3.99    -4.54    -4.99    -5.41
  23 176 3308.68 3374.20 3437.12   0.0203   0.0002   0.0198   0.0002   0.0205   0.0203   0.0205   0.0203   0.0623   0.0002   0.0205   0.0004   0.0625   0.1103   0.0003   0.1107   0.0190 3489.70    -5.09    -5.58    -6.25    -6.64
  24 176 3445.36 3511.00 3574.26   0.0197   0.0002   0.0194   0.0002   0.0204   0.0200   0.0204   0.0200   0.0607   0.0003   0.0184   0.0006   0.0602   0.1077   0.0005   0.1072   0.0175 3626.28    -6.27    -6.69    -7.23    -7.79
  25 176 3582.27 3648.35 3711.75   0.0189   0.0003   0.0184   0.0003   0.0192   0.0184   0.0192   0.0184   0.0579   0.0004   0.0183   0.0008   0.0585   0.1041   0.0007   0.1040   0.0196 3762.99    -7.37    -7.89    -8.22    -8.84
  26 176 3719.49 3785.73 3849.53   0.0181   0.0004   0.0178   0.0004   0.0181   0.0181   0.0181   0.0181   0.0555   0.0006   0.0184   0.0010   0.0564   0.1016   0.0011   0.1012   0.0178 3900.63    -8.39    -8.89    -9.45    -9.32
  27 176 3857.04 3923.43 3987.32   0.0179   0.0005   0.0181   0.0006   0.0179   0.0172   0.0179   0.0172   0.0543   0.0009   0.0153   0.0014   0.0546   0.0934   0.0019   0.0979   0.0182 4058.16    -9.55   -10.04   -10.12    10.01
  28 176 3994.60 4061.30 4125.40   0.0198   0.0008   0.0253   0.0014   0.0165   0.0161   0.0165   0.0161   0.0525   0.0012  -0.0037   0.0017   0.0530  -0.0558   0.0196   0.0954   0.0189 4216.58   -10.22   -10.79    -8.25    30.20
  29 176 4132.44 4199.15 4263.47   0.0320   0.0020   0.0353   0.0037   0.0161   0.0160   0.0161   0.0160   0.0458   0.0025  -0.0264   0.0031   0.0511  -0.2128   0.0116   0.0926   0.0173 4323.96    -8.91   -11.71    -8.50    -0.86

